1,6,9c:1c:12:e2:73:80 -61
1,6,9c:1c:12:e2:73:83 -59
1,6,9c:1c:12:e2:73:82 -59
1,6,9c:1c:12:e2:74:a3 -62
1,6,9c:1c:12:e2:74:a1 -62
1,6,9c:1c:12:e2:74:a2 -62
1,6,7e:8d:4e:1f:fa:79 -68
1,6,9c:1c:12:bd:03:e3 -64
1,6,9c:1c:12:bd:03:e2 -64
1,6,9c:1c:12:e2:74:a0 -62
1,6,9c:1c:12:e2:73:81 -59
1,6,9c:1c:12:bd:03:e1 -64
1,6,9c:1c:12:bd:03:e0 -64
1,6,80:ea:96:ed:47:2c -82
1,6,ac:a3:1e:86:b2:a2 -74
1,6,ac:a3:1e:86:be:c0 -67
1,6,ac:a3:1e:86:be:c2 -66
1,6,ac:a3:1e:86:be:c1 -66
1,6,d8:c7:c8:3d:e5:c1 -73
1,6,d0:03:4b:cc:52:f9 -82
1,6,94:b4:0f:a3:7c:20 -84
1,6,ac:f1:df:01:19:7d -81
1,6,d8:c7:c8:3d:e5:c2 -74
1,6,70:56:81:cb:cf:bf -81
1,6,d8:c7:c8:3d:e5:c0 -70
1,6,c8:d3:a3:5b:cc:0c -81
1,6,20:c9:d0:28:47:f5 -73
1,6,10:0d:7f:74:c5:68 -83
1,6,00:21:29:96:44:b9 -82
1,6,d8:c7:c8:42:39:42 -84
1,6,70:73:cb:bb:cc:2f -89
1,6,00:24:6c:06:51:f1 -81
1,6,34:36:3b:c3:0f:44 -83
1,6,34:12:98:07:f0:8c -82
1,6,ac:a3:1e:86:b2:a1 -75
1,6,ac:a3:1e:86:b2:a0 -75
1,6,94:b4:0f:a3:79:a1 -87
1,6,c8:3a:35:55:43:28 -84
1,6,d8:c7:c8:3d:e8:00 -87
1,6,00:18:f8:df:67:6b -86
1,6,d8:c7:c8:3d:e8:01 -87
1,6,0 0
1,6,9c:1c:12:e2:73:80 -58
1,6,9c:1c:12:e2:73:83 -59
1,6,9c:1c:12:e2:73:82 -59
1,6,9c:1c:12:e2:74:a3 -66
1,6,9c:1c:12:e2:74:a1 -66
1,6,9c:1c:12:e2:74:a2 -66
1,6,7e:8d:4e:1f:fa:79 -68
1,6,9c:1c:12:bd:03:e3 -68
1,6,9c:1c:12:bd:03:e2 -68
1,6,9c:1c:12:e2:74:a0 -66
1,6,9c:1c:12:e2:73:81 -59
1,6,9c:1c:12:bd:03:e1 -67
1,6,9c:1c:12:bd:03:e0 -67
1,6,80:ea:96:ed:47:2c -82
1,6,ac:a3:1e:86:b2:a2 -74
1,6,ac:a3:1e:86:be:c0 -67
1,6,ac:a3:1e:86:be:c2 -66
1,6,ac:a3:1e:86:be:c1 -66
1,6,d8:c7:c8:3d:e5:c1 -72
1,6,ac:f1:df:01:19:7d -83
1,6,d8:c7:c8:3d:e5:c2 -72
1,6,70:56:81:cb:cf:bf -86
1,6,d8:c7:c8:3d:e5:c0 -71
1,6,10:0d:7f:74:c5:68 -79
1,6,34:36:3b:c3:0f:44 -84
1,6,34:12:98:07:f0:8c -82
1,6,ac:a3:1e:86:b2:a1 -75
1,6,ac:a3:1e:86:b2:a0 -75
1,6,94:b4:0f:a3:79:a1 -87
1,6,c8:3a:35:55:43:28 -84
1,6,d8:c7:c8:3d:e8:00 -87
1,6,00:18:f8:df:67:6b -86
1,6,d8:c7:c8:3d:e8:01 -87
1,6,00:18:f8:c1:65:77 -88
1,6,00:24:36:a4:eb:1b -75
1,6,0 0
1,6,9c:1c:12:e2:73:80 -58
1,6,9c:1c:12:e2:73:83 -60
1,6,9c:1c:12:e2:73:82 -60
1,6,9c:1c:12:e2:74:a3 -66
1,6,9c:1c:12:e2:74:a1 -66
1,6,9c:1c:12:e2:74:a2 -66
1,6,7e:8d:4e:1f:fa:79 -70
1,6,9c:1c:12:bd:03:e3 -67
1,6,9c:1c:12:bd:03:e2 -67
1,6,9c:1c:12:e2:74:a0 -66
1,6,9c:1c:12:e2:73:81 -60
1,6,9c:1c:12:bd:03:e1 -67
1,6,9c:1c:12:bd:03:e0 -67
1,6,80:ea:96:ed:47:2c -82
1,6,ac:a3:1e:86:be:c0 -69
1,6,ac:a3:1e:86:be:c2 -69
1,6,ac:a3:1e:86:be:c1 -69
1,6,d8:c7:c8:3d:e5:c1 -72
1,6,ac:f1:df:01:19:7d -83
1,6,d8:c7:c8:3d:e5:c2 -72
1,6,70:56:81:cb:cf:bf -83
1,6,d8:c7:c8:3d:e5:c0 -71
1,6,10:0d:7f:74:c5:68 -79
1,6,34:36:3b:c3:0f:44 -84
1,6,c8:3a:35:55:43:28 -84
1,6,d8:c7:c8:3d:e8:00 -87
1,6,00:18:f8:df:67:6b -86
1,6,d8:c7:c8:3d:e8:01 -87
1,6,00:18:f8:c1:65:77 -84
1,6,00:24:36:a4:eb:1b -75
1,6,c0:c1:c0:d5:19:ab -85
1,6,0 0
1,6,9c:1c:12:e2:73:80 -58
1,6,9c:1c:12:e2:73:83 -60
1,6,9c:1c:12:e2:73:82 -60
1,6,9c:1c:12:e2:74:a3 -66
1,6,9c:1c:12:e2:74:a1 -66
1,6,9c:1c:12:e2:74:a2 -66
1,6,7e:8d:4e:1f:fa:79 -70
1,6,9c:1c:12:bd:03:e3 -67
1,6,9c:1c:12:bd:03:e2 -67
1,6,9c:1c:12:e2:74:a0 -66
1,6,9c:1c:12:e2:73:81 -60
1,6,9c:1c:12:bd:03:e1 -67
1,6,9c:1c:12:bd:03:e0 -67
1,6,80:ea:96:ed:47:2c -82
1,6,ac:a3:1e:86:be:c0 -69
1,6,ac:a3:1e:86:be:c2 -69
1,6,ac:a3:1e:86:be:c1 -69
1,6,d8:c7:c8:3d:e5:c1 -72
1,6,ac:f1:df:01:19:7d -83
1,6,d8:c7:c8:3d:e5:c2 -72
1,6,70:56:81:cb:cf:bf -83
1,6,d8:c7:c8:3d:e5:c0 -71
1,6,10:0d:7f:74:c5:68 -79
1,6,34:36:3b:c3:0f:44 -84
1,6,c8:3a:35:55:43:28 -84
1,6,d8:c7:c8:3d:e8:00 -87
1,6,00:18:f8:df:67:6b -86
1,6,d8:c7:c8:3d:e8:01 -87
1,6,00:18:f8:c1:65:77 -84
1,6,00:24:36:a4:eb:1b -75
1,6,c0:c1:c0:d5:19:ab -85
1,6,0 0
1,6,9c:1c:12:e2:73:80 -59
1,6,9c:1c:12:e2:73:83 -60
1,6,9c:1c:12:e2:73:82 -60
1,6,9c:1c:12:e2:74:a3 -66
1,6,9c:1c:12:e2:74:a1 -66
1,6,9c:1c:12:e2:74:a2 -66
1,6,7e:8d:4e:1f:fa:79 -69
1,6,9c:1c:12:bd:03:e3 -68
1,6,9c:1c:12:bd:03:e2 -68
1,6,9c:1c:12:e2:74:a0 -66
1,6,9c:1c:12:e2:73:81 -60
1,6,9c:1c:12:bd:03:e1 -68
1,6,9c:1c:12:bd:03:e0 -67
1,6,80:ea:96:ed:47:2c -74
1,6,ac:a3:1e:86:be:c0 -67
1,6,ac:a3:1e:86:be:c2 -69
1,6,ac:a3:1e:86:be:c1 -67
1,6,d8:c7:c8:3d:e5:c1 -72
1,6,ac:f1:df:01:19:7d -83
1,6,d8:c7:c8:3d:e5:c2 -72
1,6,70:56:81:cb:cf:bf -84
1,6,d8:c7:c8:3d:e5:c0 -72
1,6,10:0d:7f:74:c5:68 -79
1,6,34:36:3b:c3:0f:44 -84
1,6,c8:3a:35:55:43:28 -84
1,6,d8:c7:c8:3d:e8:00 -87
1,6,00:18:f8:df:67:6b -86
1,6,d8:c7:c8:3d:e8:01 -87
1,6,00:18:f8:c1:65:77 -84
1,6,00:24:36:a4:eb:1b -75
1,6,c0:c1:c0:d5:19:ab -85
1,6,ac:a3:1e:86:b2:a2 -77
1,6,ac:a3:1e:86:b2:a1 -77
1,6,a0:21:b7:7b:f6:60 -88
1,6,3c:46:d8:44:32:87 -89
1,6,ac:a3:1e:86:b2:a0 -78
1,6,0 0
1,6,9c:1c:12:e2:73:80 -59
1,6,9c:1c:12:e2:73:83 -61
1,6,9c:1c:12:e2:73:82 -61
1,6,9c:1c:12:e2:74:a3 -67
1,6,9c:1c:12:e2:74:a1 -67
1,6,9c:1c:12:e2:74:a2 -67
1,6,7e:8d:4e:1f:fa:79 -77
1,6,9c:1c:12:bd:03:e3 -68
1,6,9c:1c:12:bd:03:e2 -67
1,6,9c:1c:12:e2:74:a0 -66
1,6,9c:1c:12:e2:73:81 -61
1,6,9c:1c:12:bd:03:e1 -67
1,6,9c:1c:12:bd:03:e0 -67
1,6,80:ea:96:ed:47:2c -78
1,6,ac:a3:1e:86:be:c0 -68
1,6,ac:a3:1e:86:be:c2 -69
1,6,ac:a3:1e:86:be:c1 -68
1,6,d8:c7:c8:3d:e5:c1 -72
1,6,ac:f1:df:01:19:7d -83
1,6,d8:c7:c8:3d:e5:c2 -72
1,6,70:56:81:cb:cf:bf -84
1,6,d8:c7:c8:3d:e5:c0 -72
1,6,10:0d:7f:74:c5:68 -79
1,6,34:36:3b:c3:0f:44 -84
1,6,c8:3a:35:55:43:28 -84
1,6,d8:c7:c8:3d:e8:00 -87
1,6,00:18:f8:df:67:6b -86
1,6,d8:c7:c8:3d:e8:01 -87
1,6,00:18:f8:c1:65:77 -84
1,6,00:24:36:a4:eb:1b -70
1,6,c0:c1:c0:d5:19:ab -85
1,6,ac:a3:1e:86:b2:a2 -77
1,6,ac:a3:1e:86:b2:a1 -77
1,6,a0:21:b7:7b:f6:60 -88
1,6,3c:46:d8:44:32:87 -89
1,6,ac:a3:1e:86:b2:a0 -77
1,6,0 0
1,6,9c:1c:12:e2:73:80 -59
1,6,9c:1c:12:e2:73:83 -61
1,6,9c:1c:12:e2:73:82 -61
1,6,9c:1c:12:e2:74:a3 -67
1,6,9c:1c:12:e2:74:a1 -67
1,6,9c:1c:12:e2:74:a2 -67
1,6,7e:8d:4e:1f:fa:79 -77
1,6,9c:1c:12:bd:03:e3 -68
1,6,9c:1c:12:bd:03:e2 -68
1,6,9c:1c:12:e2:74:a0 -66
1,6,9c:1c:12:e2:73:81 -61
1,6,9c:1c:12:bd:03:e1 -68
1,6,9c:1c:12:bd:03:e0 -68
1,6,80:ea:96:ed:47:2c -77
1,6,ac:a3:1e:86:be:c0 -68
1,6,ac:a3:1e:86:be:c2 -69
1,6,ac:a3:1e:86:be:c1 -68
1,6,d8:c7:c8:3d:e5:c1 -75
1,6,ac:f1:df:01:19:7d -83
1,6,d8:c7:c8:3d:e5:c2 -73
1,6,70:56:81:cb:cf:bf -85
1,6,d8:c7:c8:3d:e5:c0 -72
1,6,10:0d:7f:74:c5:68 -79
1,6,34:36:3b:c3:0f:44 -84
1,6,c8:3a:35:55:43:28 -84
1,6,d8:c7:c8:3d:e8:00 -87
1,6,00:18:f8:df:67:6b -86
1,6,d8:c7:c8:3d:e8:01 -87
1,6,00:18:f8:c1:65:77 -84
1,6,00:24:36:a4:eb:1b -71
1,6,c0:c1:c0:d5:19:ab -85
1,6,ac:a3:1e:86:b2:a2 -77
1,6,ac:a3:1e:86:b2:a1 -77
1,6,a0:21:b7:7b:f6:60 -88
1,6,3c:46:d8:44:32:87 -89
1,6,ac:a3:1e:86:b2:a0 -77
1,6,c8:d3:a3:5b:cc:0c -83
1,6,0 0
1,6,9c:1c:12:e2:73:80 -59
1,6,9c:1c:12:e2:73:83 -60
1,6,9c:1c:12:e2:73:82 -60
1,6,9c:1c:12:e2:74:a3 -67
1,6,9c:1c:12:e2:74:a1 -67
1,6,9c:1c:12:e2:74:a2 -67
1,6,7e:8d:4e:1f:fa:79 -78
1,6,9c:1c:12:bd:03:e3 -68
1,6,9c:1c:12:bd:03:e2 -68
1,6,9c:1c:12:e2:74:a0 -66
1,6,9c:1c:12:e2:73:81 -60
1,6,9c:1c:12:bd:03:e1 -68
1,6,9c:1c:12:bd:03:e0 -68
1,6,80:ea:96:ed:47:2c -76
1,6,ac:a3:1e:86:be:c0 -68
1,6,ac:a3:1e:86:be:c2 -69
1,6,ac:a3:1e:86:be:c1 -68
1,6,d8:c7:c8:3d:e5:c1 -74
1,6,ac:f1:df:01:19:7d -83
1,6,d8:c7:c8:3d:e5:c2 -73
1,6,70:56:81:cb:cf:bf -83
1,6,d8:c7:c8:3d:e5:c0 -72
1,6,10:0d:7f:74:c5:68 -78
1,6,34:36:3b:c3:0f:44 -84
1,6,c8:3a:35:55:43:28 -84
1,6,d8:c7:c8:3d:e8:00 -87
1,6,00:18:f8:df:67:6b -86
1,6,d8:c7:c8:3d:e8:01 -87
1,6,00:18:f8:c1:65:77 -84
1,6,00:24:36:a4:eb:1b -71
1,6,c0:c1:c0:d5:19:ab -83
1,6,ac:a3:1e:86:b2:a2 -77
1,6,ac:a3:1e:86:b2:a1 -77
1,6,a0:21:b7:7b:f6:60 -88
1,6,3c:46:d8:44:32:87 -89
1,6,ac:a3:1e:86:b2:a0 -77
1,6,c8:d3:a3:5b:cc:0c -83
1,6,0 0
1,6,9c:1c:12:e2:73:80 -59
1,6,9c:1c:12:e2:73:83 -60
1,6,9c:1c:12:e2:73:82 -60
1,6,9c:1c:12:e2:74:a3 -67
1,6,9c:1c:12:e2:74:a1 -67
1,6,9c:1c:12:e2:74:a2 -67
1,6,7e:8d:4e:1f:fa:79 -78
1,6,9c:1c:12:bd:03:e3 -68
1,6,9c:1c:12:bd:03:e2 -68
1,6,9c:1c:12:e2:74:a0 -67
1,6,9c:1c:12:e2:73:81 -60
1,6,9c:1c:12:bd:03:e1 -68
1,6,9c:1c:12:bd:03:e0 -68
1,6,80:ea:96:ed:47:2c -76
1,6,ac:a3:1e:86:be:c0 -68
1,6,ac:a3:1e:86:be:c2 -67
1,6,ac:a3:1e:86:be:c1 -68
1,6,d8:c7:c8:3d:e5:c1 -74
1,6,ac:f1:df:01:19:7d -82
1,6,d8:c7:c8:3d:e5:c2 -73
1,6,70:56:81:cb:cf:bf -83
1,6,d8:c7:c8:3d:e5:c0 -74
1,6,10:0d:7f:74:c5:68 -78
1,6,34:36:3b:c3:0f:44 -84
1,6,c8:3a:35:55:43:28 -84
1,6,d8:c7:c8:3d:e8:00 -87
1,6,00:18:f8:df:67:6b -86
1,6,d8:c7:c8:3d:e8:01 -87
1,6,00:18:f8:c1:65:77 -82
1,6,00:24:36:a4:eb:1b -71
1,6,c0:c1:c0:d5:19:ab -83
1,6,ac:a3:1e:86:b2:a2 -77
1,6,ac:a3:1e:86:b2:a1 -77
1,6,a0:21:b7:7b:f6:60 -88
1,6,3c:46:d8:44:32:87 -89
1,6,ac:a3:1e:86:b2:a0 -77
1,6,c8:d3:a3:5b:cc:0c -83
1,6,d8:c7:c8:42:27:80 -81
1,6,d0:03:4b:cc:52:f9 -87
1,6,0 0
1,6,9c:1c:12:e2:73:80 -58
1,6,9c:1c:12:e2:73:83 -60
1,6,9c:1c:12:e2:73:82 -60
1,6,9c:1c:12:e2:74:a3 -67
1,6,9c:1c:12:e2:74:a1 -67
1,6,9c:1c:12:e2:74:a2 -67
1,6,7e:8d:4e:1f:fa:79 -78
1,6,9c:1c:12:bd:03:e3 -68
1,6,9c:1c:12:bd:03:e2 -68
1,6,9c:1c:12:e2:74:a0 -67
1,6,9c:1c:12:e2:73:81 -60
1,6,9c:1c:12:bd:03:e1 -67
1,6,9c:1c:12:bd:03:e0 -67
1,6,80:ea:96:ed:47:2c -76
1,6,ac:a3:1e:86:be:c0 -69
1,6,ac:a3:1e:86:be:c2 -68
1,6,ac:a3:1e:86:be:c1 -70
1,6,d8:c7:c8:3d:e5:c1 -74
1,6,ac:f1:df:01:19:7d -82
1,6,d8:c7:c8:3d:e5:c2 -74
1,6,70:56:81:cb:cf:bf -83
1,6,d8:c7:c8:3d:e5:c0 -74
1,6,10:0d:7f:74:c5:68 -78
1,6,34:36:3b:c3:0f:44 -84
1,6,d8:c7:c8:3d:e8:00 -87
1,6,00:18:f8:df:67:6b -86
1,6,d8:c7:c8:3d:e8:01 -87
1,6,00:18:f8:c1:65:77 -82
1,6,00:24:36:a4:eb:1b -71
1,6,c0:c1:c0:d5:19:ab -83
1,6,ac:a3:1e:86:b2:a2 -77
1,6,ac:a3:1e:86:b2:a1 -77
1,6,a0:21:b7:7b:f6:60 -88
1,6,3c:46:d8:44:32:87 -89
1,6,ac:a3:1e:86:b2:a0 -77
1,6,c8:d3:a3:5b:cc:0c -83
1,6,d8:c7:c8:42:27:80 -81
1,6,d0:03:4b:cc:52:f9 -87
1,6,a4:2b:8c:1c:3f:cf -86
1,6,00:24:6c:06:51:f1 -85
1,6,0 0
1,6,9c:1c:12:e2:73:80 -58
1,6,9c:1c:12:e2:73:83 -59
1,6,9c:1c:12:e2:73:82 -59
1,6,9c:1c:12:e2:74:a3 -67
1,6,9c:1c:12:e2:74:a1 -67
1,6,9c:1c:12:e2:74:a2 -67
1,6,7e:8d:4e:1f:fa:79 -77
1,6,9c:1c:12:bd:03:e3 -68
1,6,9c:1c:12:bd:03:e2 -68
1,6,9c:1c:12:e2:74:a0 -67
1,6,9c:1c:12:e2:73:81 -59
1,6,9c:1c:12:bd:03:e1 -68
1,6,9c:1c:12:bd:03:e0 -68
1,6,80:ea:96:ed:47:2c -76
1,6,ac:a3:1e:86:be:c0 -69
1,6,ac:a3:1e:86:be:c2 -68
1,6,ac:a3:1e:86:be:c1 -70
1,6,d8:c7:c8:3d:e5:c1 -73
1,6,ac:f1:df:01:19:7d -82
1,6,d8:c7:c8:3d:e5:c2 -73
1,6,70:56:81:cb:cf:bf -83
1,6,d8:c7:c8:3d:e5:c0 -73
1,6,10:0d:7f:74:c5:68 -78
1,6,34:36:3b:c3:0f:44 -81
1,6,00:18:f8:c1:65:77 -84
1,6,00:24:36:a4:eb:1b -71
1,6,c0:c1:c0:d5:19:ab -83
1,6,ac:a3:1e:86:b2:a2 -77
1,6,ac:a3:1e:86:b2:a1 -77
1,6,a0:21:b7:7b:f6:60 -87
1,6,3c:46:d8:44:32:87 -89
1,6,ac:a3:1e:86:b2:a0 -77
1,6,c8:d3:a3:5b:cc:0c -83
1,6,d8:c7:c8:42:27:80 -81
1,6,d0:03:4b:cc:52:f9 -87
1,6,a4:2b:8c:1c:3f:cf -86
1,6,00:24:6c:06:51:f1 -85
1,6,72:56:81:cd:0c:60 -88
1,6,0 0
1,6,9c:1c:12:e2:73:80 -58
1,6,9c:1c:12:e2:73:83 -59
1,6,9c:1c:12:e2:73:82 -59
1,6,9c:1c:12:e2:74:a3 -67
1,6,9c:1c:12:e2:74:a1 -67
1,6,9c:1c:12:e2:74:a2 -67
1,6,7e:8d:4e:1f:fa:79 -76
1,6,9c:1c:12:bd:03:e3 -68
1,6,9c:1c:12:bd:03:e2 -68
1,6,9c:1c:12:e2:74:a0 -67
1,6,9c:1c:12:e2:73:81 -59
1,6,9c:1c:12:bd:03:e1 -68
1,6,9c:1c:12:bd:03:e0 -68
1,6,80:ea:96:ed:47:2c -77
1,6,ac:a3:1e:86:be:c0 -69
1,6,ac:a3:1e:86:be:c2 -68
1,6,ac:a3:1e:86:be:c1 -68
1,6,d8:c7:c8:3d:e5:c1 -73
1,6,ac:f1:df:01:19:7d -82
1,6,d8:c7:c8:3d:e5:c2 -73
1,6,70:56:81:cb:cf:bf -83
1,6,d8:c7:c8:3d:e5:c0 -73
1,6,10:0d:7f:74:c5:68 -77
1,6,34:36:3b:c3:0f:44 -84
1,6,00:18:f8:c1:65:77 -84
1,6,00:24:36:a4:eb:1b -74
1,6,c0:c1:c0:d5:19:ab -83
1,6,ac:a3:1e:86:b2:a2 -77
1,6,ac:a3:1e:86:b2:a1 -78
1,6,a0:21:b7:7b:f6:60 -87
1,6,3c:46:d8:44:32:87 -89
1,6,ac:a3:1e:86:b2:a0 -77
1,6,c8:d3:a3:5b:cc:0c -83
1,6,d8:c7:c8:42:27:80 -81
1,6,d0:03:4b:cc:52:f9 -87
1,6,a4:2b:8c:1c:3f:cf -86
1,6,00:24:6c:06:51:f1 -85
1,6,72:56:81:cd:0c:60 -88
1,6,d8:c7:c8:42:dc:42 -85
1,6,70:56:81:cd:0c:65 -88
1,6,0 0
1,6,9c:1c:12:e2:73:80 -58
1,6,9c:1c:12:e2:73:83 -60
1,6,9c:1c:12:e2:73:82 -60
1,6,9c:1c:12:e2:74:a3 -67
1,6,9c:1c:12:e2:74:a1 -67
1,6,9c:1c:12:e2:74:a2 -67
1,6,7e:8d:4e:1f:fa:79 -76
1,6,9c:1c:12:bd:03:e3 -67
1,6,9c:1c:12:bd:03:e2 -66
1,6,9c:1c:12:e2:74:a0 -67
1,6,9c:1c:12:e2:73:81 -61
1,6,9c:1c:12:bd:03:e1 -67
1,6,9c:1c:12:bd:03:e0 -66
1,6,80:ea:96:ed:47:2c -77
1,6,ac:a3:1e:86:be:c0 -69
1,6,ac:a3:1e:86:be:c2 -69
1,6,ac:a3:1e:86:be:c1 -68
1,6,d8:c7:c8:3d:e5:c1 -73
1,6,ac:f1:df:01:19:7d -82
1,6,d8:c7:c8:3d:e5:c2 -73
1,6,70:56:81:cb:cf:bf -84
1,6,d8:c7:c8:3d:e5:c0 -73
1,6,10:0d:7f:74:c5:68 -76
1,6,34:36:3b:c3:0f:44 -84
1,6,00:18:f8:c1:65:77 -84
1,6,00:24:36:a4:eb:1b -74
1,6,c0:c1:c0:d5:19:ab -83
1,6,ac:a3:1e:86:b2:a2 -78
1,6,ac:a3:1e:86:b2:a1 -78
1,6,a0:21:b7:7b:f6:60 -87
1,6,3c:46:d8:44:32:87 -89
1,6,ac:a3:1e:86:b2:a0 -77
1,6,c8:d3:a3:5b:cc:0c -80
1,6,d8:c7:c8:42:27:80 -81
1,6,d0:03:4b:cc:52:f9 -87
1,6,a4:2b:8c:1c:3f:cf -86
1,6,00:24:6c:06:51:f1 -85
1,6,72:56:81:cd:0c:60 -88
1,6,d8:c7:c8:42:dc:42 -85
1,6,70:56:81:cd:0c:65 -88
1,6,0 0
1,6,9c:1c:12:e2:73:80 -58
1,6,9c:1c:12:e2:73:83 -58
1,6,9c:1c:12:e2:73:82 -58
1,6,9c:1c:12:e2:74:a3 -68
1,6,9c:1c:12:e2:74:a1 -67
1,6,9c:1c:12:e2:74:a2 -67
1,6,7e:8d:4e:1f:fa:79 -76
1,6,9c:1c:12:bd:03:e3 -67
1,6,9c:1c:12:bd:03:e2 -66
1,6,9c:1c:12:e2:74:a0 -67
1,6,9c:1c:12:e2:73:81 -58
1,6,9c:1c:12:bd:03:e1 -67
1,6,9c:1c:12:bd:03:e0 -66
1,6,80:ea:96:ed:47:2c -76
1,6,ac:a3:1e:86:be:c0 -68
1,6,ac:a3:1e:86:be:c2 -68
1,6,ac:a3:1e:86:be:c1 -68
1,6,d8:c7:c8:3d:e5:c1 -73
1,6,ac:f1:df:01:19:7d -82
1,6,d8:c7:c8:3d:e5:c2 -73
1,6,70:56:81:cb:cf:bf -84
1,6,d8:c7:c8:3d:e5:c0 -74
1,6,10:0d:7f:74:c5:68 -76
1,6,34:36:3b:c3:0f:44 -84
1,6,00:18:f8:c1:65:77 -84
1,6,00:24:36:a4:eb:1b -74
1,6,c0:c1:c0:d5:19:ab -83
1,6,ac:a3:1e:86:b2:a2 -78
1,6,ac:a3:1e:86:b2:a1 -78
1,6,a0:21:b7:7b:f6:60 -87
1,6,3c:46:d8:44:32:87 -89
1,6,ac:a3:1e:86:b2:a0 -77
1,6,c8:d3:a3:5b:cc:0c -83
1,6,d8:c7:c8:42:27:80 -81
1,6,d0:03:4b:cc:52:f9 -87
1,6,a4:2b:8c:1c:3f:cf -86
1,6,00:24:6c:06:51:f1 -85
1,6,72:56:81:cd:0c:60 -88
1,6,d8:c7:c8:42:dc:42 -85
1,6,70:56:81:cd:0c:65 -88
1,6,0 0
1,6,9c:1c:12:e2:73:80 -58
1,6,9c:1c:12:e2:73:83 -58
1,6,9c:1c:12:e2:73:82 -57
1,6,9c:1c:12:e2:74:a3 -68
1,6,9c:1c:12:e2:74:a1 -68
1,6,9c:1c:12:e2:74:a2 -69
1,6,7e:8d:4e:1f:fa:79 -72
1,6,9c:1c:12:bd:03:e3 -66
1,6,9c:1c:12:bd:03:e2 -66
1,6,9c:1c:12:e2:74:a0 -68
1,6,9c:1c:12:e2:73:81 -58
1,6,9c:1c:12:bd:03:e1 -67
1,6,9c:1c:12:bd:03:e0 -65
1,6,80:ea:96:ed:47:2c -74
1,6,ac:a3:1e:86:be:c0 -66
1,6,ac:a3:1e:86:be:c2 -66
1,6,ac:a3:1e:86:be:c1 -66
1,6,d8:c7:c8:3d:e5:c1 -73
1,6,ac:f1:df:01:19:7d -82
1,6,d8:c7:c8:3d:e5:c2 -73
1,6,70:56:81:cb:cf:bf -84
1,6,d8:c7:c8:3d:e5:c0 -74
1,6,10:0d:7f:74:c5:68 -76
1,6,34:36:3b:c3:0f:44 -84
1,6,00:18:f8:c1:65:77 -82
1,6,00:24:36:a4:eb:1b -74
1,6,c0:c1:c0:d5:19:ab -83
1,6,ac:a3:1e:86:b2:a2 -78
1,6,ac:a3:1e:86:b2:a1 -78
1,6,a0:21:b7:7b:f6:60 -87
1,6,ac:a3:1e:86:b2:a0 -77
1,6,c8:d3:a3:5b:cc:0c -83
1,6,d8:c7:c8:42:27:80 -81
1,6,d0:03:4b:cc:52:f9 -87
1,6,a4:2b:8c:1c:3f:cf -86
1,6,00:24:6c:06:51:f1 -85
1,6,72:56:81:cd:0c:60 -88
1,6,d8:c7:c8:42:dc:42 -85
1,6,70:56:81:cd:0c:65 -88
1,6,0 0
1,6,9c:1c:12:e2:73:80 -58
1,6,9c:1c:12:e2:73:83 -58
1,6,9c:1c:12:e2:73:82 -57
1,6,9c:1c:12:e2:74:a3 -69
1,6,9c:1c:12:e2:74:a1 -70
1,6,9c:1c:12:e2:74:a2 -70
1,6,7e:8d:4e:1f:fa:79 -74
1,6,9c:1c:12:bd:03:e3 -66
1,6,9c:1c:12:bd:03:e2 -66
1,6,9c:1c:12:e2:74:a0 -69
1,6,9c:1c:12:e2:73:81 -58
1,6,9c:1c:12:bd:03:e1 -67
1,6,9c:1c:12:bd:03:e0 -66
1,6,80:ea:96:ed:47:2c -74
1,6,ac:a3:1e:86:be:c0 -66
1,6,ac:a3:1e:86:be:c2 -66
1,6,ac:a3:1e:86:be:c1 -66
1,6,d8:c7:c8:3d:e5:c1 -75
1,6,ac:f1:df:01:19:7d -85
1,6,d8:c7:c8:3d:e5:c2 -75
1,6,70:56:81:cb:cf:bf -84
1,6,d8:c7:c8:3d:e5:c0 -74
1,6,10:0d:7f:74:c5:68 -76
1,6,34:36:3b:c3:0f:44 -84
1,6,00:18:f8:c1:65:77 -82
1,6,00:24:36:a4:eb:1b -74
1,6,c0:c1:c0:d5:19:ab -83
1,6,ac:a3:1e:86:b2:a2 -78
1,6,ac:a3:1e:86:b2:a1 -76
1,6,a0:21:b7:7b:f6:60 -87
1,6,ac:a3:1e:86:b2:a0 -77
1,6,c8:d3:a3:5b:cc:0c -83
1,6,d8:c7:c8:42:27:80 -81
1,6,d0:03:4b:cc:52:f9 -87
1,6,a4:2b:8c:1c:3f:cf -86
1,6,00:24:6c:06:51:f1 -85
1,6,72:56:81:cd:0c:60 -88
1,6,d8:c7:c8:42:dc:42 -85
1,6,70:56:81:cd:0c:65 -88
1,6,0 0
1,6,9c:1c:12:e2:73:80 -62
1,6,9c:1c:12:e2:73:83 -58
1,6,9c:1c:12:e2:73:82 -57
1,6,9c:1c:12:e2:74:a3 -69
1,6,9c:1c:12:e2:74:a1 -69
1,6,9c:1c:12:e2:74:a2 -69
1,6,7e:8d:4e:1f:fa:79 -78
1,6,9c:1c:12:bd:03:e3 -66
1,6,9c:1c:12:bd:03:e2 -67
1,6,9c:1c:12:e2:74:a0 -69
1,6,9c:1c:12:e2:73:81 -58
1,6,9c:1c:12:bd:03:e1 -67
1,6,9c:1c:12:bd:03:e0 -67
1,6,80:ea:96:ed:47:2c -78
1,6,ac:a3:1e:86:be:c0 -67
1,6,ac:a3:1e:86:be:c2 -66
1,6,ac:a3:1e:86:be:c1 -66
1,6,d8:c7:c8:3d:e5:c1 -75
1,6,ac:f1:df:01:19:7d -85
1,6,d8:c7:c8:3d:e5:c2 -73
1,6,70:56:81:cb:cf:bf -85
1,6,d8:c7:c8:3d:e5:c0 -74
1,6,10:0d:7f:74:c5:68 -76
1,6,34:36:3b:c3:0f:44 -84
1,6,00:18:f8:c1:65:77 -80
1,6,00:24:36:a4:eb:1b -74
1,6,c0:c1:c0:d5:19:ab -83
1,6,ac:a3:1e:86:b2:a2 -76
1,6,ac:a3:1e:86:b2:a1 -76
1,6,a0:21:b7:7b:f6:60 -87
1,6,ac:a3:1e:86:b2:a0 -77
1,6,c8:d3:a3:5b:cc:0c -83
1,6,d8:c7:c8:42:27:80 -81
1,6,d0:03:4b:cc:52:f9 -87
1,6,a4:2b:8c:1c:3f:cf -86
1,6,00:24:6c:06:51:f1 -85
1,6,72:56:81:cd:0c:60 -88
1,6,d8:c7:c8:42:dc:42 -85
1,6,70:56:81:cd:0c:65 -88
1,6,10:fe:ed:40:a4:25 -86
1,6,0 0
1,6,9c:1c:12:e2:73:80 -62
1,6,9c:1c:12:e2:73:83 -58
1,6,9c:1c:12:e2:73:82 -58
1,6,9c:1c:12:e2:74:a3 -69
1,6,9c:1c:12:e2:74:a1 -68
1,6,9c:1c:12:e2:74:a2 -68
1,6,7e:8d:4e:1f:fa:79 -80
1,6,9c:1c:12:bd:03:e3 -68
1,6,9c:1c:12:bd:03:e2 -67
1,6,9c:1c:12:e2:74:a0 -68
1,6,9c:1c:12:e2:73:81 -58
1,6,9c:1c:12:bd:03:e1 -67
1,6,9c:1c:12:bd:03:e0 -68
1,6,80:ea:96:ed:47:2c -78
1,6,ac:a3:1e:86:be:c0 -67
1,6,ac:a3:1e:86:be:c2 -67
1,6,ac:a3:1e:86:be:c1 -67
1,6,d8:c7:c8:3d:e5:c1 -72
1,6,ac:f1:df:01:19:7d -85
1,6,d8:c7:c8:3d:e5:c2 -72
1,6,70:56:81:cb:cf:bf -85
1,6,d8:c7:c8:3d:e5:c0 -72
1,6,10:0d:7f:74:c5:68 -76
1,6,34:36:3b:c3:0f:44 -84
1,6,00:18:f8:c1:65:77 -81
1,6,00:24:36:a4:eb:1b -74
1,6,c0:c1:c0:d5:19:ab -84
1,6,ac:a3:1e:86:b2:a2 -76
1,6,ac:a3:1e:86:b2:a1 -76
1,6,a0:21:b7:7b:f6:60 -87
1,6,ac:a3:1e:86:b2:a0 -77
1,6,c8:d3:a3:5b:cc:0c -83
1,6,d8:c7:c8:42:27:80 -81
1,6,d0:03:4b:cc:52:f9 -87
1,6,a4:2b:8c:1c:3f:cf -86
1,6,00:24:6c:06:51:f1 -85
1,6,72:56:81:cd:0c:60 -88
1,6,d8:c7:c8:42:dc:42 -85
1,6,70:56:81:cd:0c:65 -88
1,6,10:fe:ed:40:a4:25 -86
1,6,d8:c7:c8:42:e0:80 -84
1,6,d8:c7:c8:42:e0:82 -85
1,6,0 0
1,6,9c:1c:12:e2:73:80 -62
1,6,9c:1c:12:e2:73:83 -58
1,6,9c:1c:12:e2:73:82 -58
1,6,9c:1c:12:e2:74:a3 -69
1,6,9c:1c:12:e2:74:a1 -68
1,6,9c:1c:12:e2:74:a2 -69
1,6,7e:8d:4e:1f:fa:79 -76
1,6,9c:1c:12:bd:03:e3 -67
1,6,9c:1c:12:bd:03:e2 -67
1,6,9c:1c:12:e2:74:a0 -68
1,6,9c:1c:12:e2:73:81 -57
1,6,9c:1c:12:bd:03:e1 -67
1,6,9c:1c:12:bd:03:e0 -67
1,6,80:ea:96:ed:47:2c -78
1,6,ac:a3:1e:86:be:c0 -67
1,6,ac:a3:1e:86:be:c2 -67
1,6,ac:a3:1e:86:be:c1 -67
1,6,d8:c7:c8:3d:e5:c1 -72
1,6,ac:f1:df:01:19:7d -84
1,6,d8:c7:c8:3d:e5:c2 -72
1,6,70:56:81:cb:cf:bf -85
1,6,d8:c7:c8:3d:e5:c0 -72
1,6,10:0d:7f:74:c5:68 -76
1,6,34:36:3b:c3:0f:44 -84
1,6,00:18:f8:c1:65:77 -81
1,6,00:24:36:a4:eb:1b -72
1,6,c0:c1:c0:d5:19:ab -84
1,6,ac:a3:1e:86:b2:a2 -76
1,6,ac:a3:1e:86:b2:a1 -76
1,6,a0:21:b7:7b:f6:60 -87
1,6,ac:a3:1e:86:b2:a0 -77
1,6,c8:d3:a3:5b:cc:0c -84
1,6,a4:2b:8c:1c:3f:cf -86
1,6,00:24:6c:06:51:f1 -85
1,6,72:56:81:cd:0c:60 -88
1,6,d8:c7:c8:42:dc:42 -85
1,6,70:56:81:cd:0c:65 -88
1,6,10:fe:ed:40:a4:25 -86
1,6,d8:c7:c8:42:e0:80 -84
1,6,d8:c7:c8:42:e0:82 -85
1,6,f0:b4:79:03:84:73 -83
1,6,0 0
1,6,9c:1c:12:e2:73:80 -62
1,6,9c:1c:12:e2:73:83 -58
1,6,9c:1c:12:e2:73:82 -58
1,6,9c:1c:12:e2:74:a3 -69
1,6,9c:1c:12:e2:74:a1 -69
1,6,9c:1c:12:e2:74:a2 -69
1,6,7e:8d:4e:1f:fa:79 -73
1,6,9c:1c:12:bd:03:e3 -67
1,6,9c:1c:12:bd:03:e2 -65
1,6,9c:1c:12:e2:74:a0 -69
1,6,9c:1c:12:e2:73:81 -57
1,6,9c:1c:12:bd:03:e1 -67
1,6,9c:1c:12:bd:03:e0 -66
1,6,80:ea:96:ed:47:2c -81
1,6,ac:a3:1e:86:be:c0 -67
1,6,ac:a3:1e:86:be:c2 -67
1,6,ac:a3:1e:86:be:c1 -67
1,6,d8:c7:c8:3d:e5:c1 -72
1,6,ac:f1:df:01:19:7d -84
1,6,d8:c7:c8:3d:e5:c2 -72
1,6,70:56:81:cb:cf:bf -84
1,6,d8:c7:c8:3d:e5:c0 -72
1,6,10:0d:7f:74:c5:68 -75
1,6,34:36:3b:c3:0f:44 -84
1,6,00:18:f8:c1:65:77 -81
1,6,00:24:36:a4:eb:1b -74
1,6,c0:c1:c0:d5:19:ab -83
1,6,ac:a3:1e:86:b2:a2 -76
1,6,ac:a3:1e:86:b2:a1 -76
1,6,a0:21:b7:7b:f6:60 -87
1,6,ac:a3:1e:86:b2:a0 -76
1,6,c8:d3:a3:5b:cc:0c -81
1,6,72:56:81:cd:0c:60 -88
1,6,d8:c7:c8:42:dc:42 -85
1,6,70:56:81:cd:0c:65 -88
1,6,10:fe:ed:40:a4:25 -86
1,6,d8:c7:c8:42:e0:80 -84
1,6,d8:c7:c8:42:e0:82 -85
1,6,f0:b4:79:03:84:73 -83
1,6,0 0
1,6,1 0
1,6,9c:1c:12:e2:73:80 -62
1,6,9c:1c:12:e2:73:83 -58
1,6,9c:1c:12:e2:73:82 -58
1,6,9c:1c:12:e2:74:a3 -68
1,6,9c:1c:12:e2:74:a1 -68
1,6,9c:1c:12:e2:74:a2 -68
1,6,7e:8d:4e:1f:fa:79 -74
1,6,9c:1c:12:bd:03:e3 -67
1,6,9c:1c:12:bd:03:e2 -67
1,6,9c:1c:12:e2:74:a0 -68
1,6,9c:1c:12:e2:73:81 -57
1,6,9c:1c:12:bd:03:e1 -67
1,6,9c:1c:12:bd:03:e0 -67
1,6,80:ea:96:ed:47:2c -81
1,6,ac:a3:1e:86:be:c0 -67
1,6,ac:a3:1e:86:be:c2 -67
1,6,ac:a3:1e:86:be:c1 -67
1,6,d8:c7:c8:3d:e5:c1 -72
1,6,ac:f1:df:01:19:7d -84
1,6,d8:c7:c8:3d:e5:c2 -72
1,6,70:56:81:cb:cf:bf -84
1,6,d8:c7:c8:3d:e5:c0 -72
1,6,10:0d:7f:74:c5:68 -75
1,6,34:36:3b:c3:0f:44 -84
1,6,00:18:f8:c1:65:77 -81
1,6,00:24:36:a4:eb:1b -74
1,6,c0:c1:c0:d5:19:ab -85
1,6,ac:a3:1e:86:b2:a2 -76
1,6,ac:a3:1e:86:b2:a1 -76
1,6,ac:a3:1e:86:b2:a0 -76
1,6,c8:d3:a3:5b:cc:0c -81
1,6,d8:c7:c8:42:dc:42 -85
1,6,70:56:81:cd:0c:65 -88
1,6,10:fe:ed:40:a4:25 -86
1,6,d8:c7:c8:42:e0:80 -84
1,6,d8:c7:c8:42:e0:82 -85
1,6,f0:b4:79:03:84:73 -75
1,6,0 0
1,6,9c:1c:12:e2:73:80 -59
1,6,9c:1c:12:e2:73:83 -58
1,6,9c:1c:12:e2:73:82 -58
1,6,9c:1c:12:e2:74:a3 -68
1,6,9c:1c:12:e2:74:a1 -68
1,6,9c:1c:12:e2:74:a2 -68
1,6,7e:8d:4e:1f:fa:79 -74
1,6,9c:1c:12:bd:03:e3 -69
1,6,9c:1c:12:bd:03:e2 -68
1,6,9c:1c:12:e2:74:a0 -68
1,6,9c:1c:12:e2:73:81 -57
1,6,9c:1c:12:bd:03:e1 -68
1,6,9c:1c:12:bd:03:e0 -68
1,6,80:ea:96:ed:47:2c -76
1,6,ac:a3:1e:86:be:c0 -65
1,6,ac:a3:1e:86:be:c2 -65
1,6,ac:a3:1e:86:be:c1 -65
1,6,d8:c7:c8:3d:e5:c1 -72
1,6,ac:f1:df:01:19:7d -84
1,6,d8:c7:c8:3d:e5:c2 -74
1,6,70:56:81:cb:cf:bf -84
1,6,d8:c7:c8:3d:e5:c0 -72
1,6,10:0d:7f:74:c5:68 -75
1,6,34:36:3b:c3:0f:44 -84
1,6,00:18:f8:c1:65:77 -81
1,6,00:24:36:a4:eb:1b -74
1,6,c0:c1:c0:d5:19:ab -85
1,6,ac:a3:1e:86:b2:a2 -76
1,6,ac:a3:1e:86:b2:a1 -76
1,6,ac:a3:1e:86:b2:a0 -75
1,6,c8:d3:a3:5b:cc:0c -81
1,6,70:56:81:cd:0c:65 -88
1,6,10:fe:ed:40:a4:25 -86
1,6,d8:c7:c8:42:e0:80 -84
1,6,d8:c7:c8:42:e0:82 -85
1,6,f0:b4:79:03:84:73 -75
1,6,0 0
1,6,9c:1c:12:e2:73:80 -59
1,6,9c:1c:12:e2:73:83 -60
1,6,9c:1c:12:e2:73:82 -60
1,6,9c:1c:12:e2:74:a3 -69
1,6,9c:1c:12:e2:74:a1 -68
1,6,9c:1c:12:e2:74:a2 -69
1,6,7e:8d:4e:1f:fa:79 -71
1,6,9c:1c:12:bd:03:e3 -69
1,6,9c:1c:12:bd:03:e2 -68
1,6,9c:1c:12:e2:74:a0 -69
1,6,9c:1c:12:e2:73:81 -60
1,6,9c:1c:12:bd:03:e1 -68
1,6,9c:1c:12:bd:03:e0 -68
1,6,80:ea:96:ed:47:2c -76
1,6,ac:a3:1e:86:be:c0 -65
1,6,ac:a3:1e:86:be:c2 -65
1,6,ac:a3:1e:86:be:c1 -65
1,6,d8:c7:c8:3d:e5:c2 -74
1,6,70:56:81:cb:cf:bf -84
1,6,10:0d:7f:74:c5:68 -75
1,6,00:18:f8:c1:65:77 -81
1,6,00:24:36:a4:eb:1b -74
1,6,c0:c1:c0:d5:19:ab -85
1,6,ac:a3:1e:86:b2:a0 -75
1,6,c8:d3:a3:5b:cc:0c -81
1,6,f0:b4:79:03:84:73 -75
1,6,94:b4:0f:a3:7c:20 -77
1,6,00:11:50:9f:87:b1 -82
1,6,0 0
1,6,9c:1c:12:e2:73:80 -59
1,6,9c:1c:12:e2:73:83 -60
1,6,9c:1c:12:e2:73:82 -60
1,6,9c:1c:12:e2:74:a3 -69
1,6,9c:1c:12:e2:74:a1 -68
1,6,9c:1c:12:e2:74:a2 -69
1,6,7e:8d:4e:1f:fa:79 -71
1,6,9c:1c:12:bd:03:e3 -69
1,6,9c:1c:12:bd:03:e2 -68
1,6,9c:1c:12:e2:74:a0 -69
1,6,9c:1c:12:e2:73:81 -60
1,6,9c:1c:12:bd:03:e1 -68
1,6,9c:1c:12:bd:03:e0 -68
1,6,80:ea:96:ed:47:2c -76
1,6,ac:a3:1e:86:be:c0 -65
1,6,ac:a3:1e:86:be:c2 -65
1,6,ac:a3:1e:86:be:c1 -65
1,6,d8:c7:c8:3d:e5:c2 -74
1,6,70:56:81:cb:cf:bf -84
1,6,10:0d:7f:74:c5:68 -75
1,6,00:18:f8:c1:65:77 -81
1,6,00:24:36:a4:eb:1b -74
1,6,c0:c1:c0:d5:19:ab -85
1,6,ac:a3:1e:86:b2:a0 -75
1,6,c8:d3:a3:5b:cc:0c -81
1,6,f0:b4:79:03:84:73 -75
1,6,94:b4:0f:a3:7c:20 -77
1,6,00:11:50:9f:87:b1 -82
1,6,0 0
1,6,9c:1c:12:e2:73:80 -59
1,6,9c:1c:12:e2:73:83 -61
1,6,9c:1c:12:e2:73:82 -62
1,6,9c:1c:12:e2:74:a3 -68
1,6,9c:1c:12:e2:74:a1 -68
1,6,9c:1c:12:e2:74:a2 -68
1,6,7e:8d:4e:1f:fa:79 -76
1,6,9c:1c:12:bd:03:e3 -68
1,6,9c:1c:12:bd:03:e2 -68
1,6,9c:1c:12:e2:74:a0 -68
1,6,9c:1c:12:e2:73:81 -62
1,6,9c:1c:12:bd:03:e1 -68
1,6,9c:1c:12:bd:03:e0 -68
1,6,80:ea:96:ed:47:2c -76
1,6,ac:a3:1e:86:be:c0 -65
1,6,ac:a3:1e:86:be:c2 -65
1,6,ac:a3:1e:86:be:c1 -65
1,6,d8:c7:c8:3d:e5:c2 -74
1,6,70:56:81:cb:cf:bf -84
1,6,10:0d:7f:74:c5:68 -75
1,6,00:18:f8:c1:65:77 -85
1,6,00:24:36:a4:eb:1b -74
1,6,c0:c1:c0:d5:19:ab -85
1,6,ac:a3:1e:86:b2:a0 -74
1,6,c8:d3:a3:5b:cc:0c -82
1,6,f0:b4:79:03:84:73 -75
1,6,94:b4:0f:a3:7c:20 -77
1,6,00:11:50:9f:87:b1 -82
1,6,ac:a3:1e:86:b2:a2 -74
1,6,ac:a3:1e:86:b2:a1 -75
1,6,20:c9:d0:28:47:f5 -80
1,6,0 0
1,6,9c:1c:12:e2:73:80 -59
1,6,9c:1c:12:e2:73:83 -61
1,6,9c:1c:12:e2:73:82 -62
1,6,9c:1c:12:e2:74:a3 -68
1,6,9c:1c:12:e2:74:a1 -68
1,6,9c:1c:12:e2:74:a2 -68
1,6,7e:8d:4e:1f:fa:79 -76
1,6,9c:1c:12:bd:03:e3 -68
1,6,9c:1c:12:bd:03:e2 -68
1,6,9c:1c:12:e2:74:a0 -68
1,6,9c:1c:12:e2:73:81 -62
1,6,9c:1c:12:bd:03:e1 -68
1,6,9c:1c:12:bd:03:e0 -68
1,6,80:ea:96:ed:47:2c -76
1,6,ac:a3:1e:86:be:c0 -65
1,6,ac:a3:1e:86:be:c2 -65
1,6,ac:a3:1e:86:be:c1 -65
1,6,d8:c7:c8:3d:e5:c2 -74
1,6,70:56:81:cb:cf:bf -84
1,6,10:0d:7f:74:c5:68 -75
1,6,00:18:f8:c1:65:77 -85
1,6,00:24:36:a4:eb:1b -74
1,6,c0:c1:c0:d5:19:ab -85
1,6,ac:a3:1e:86:b2:a0 -74
1,6,c8:d3:a3:5b:cc:0c -82
1,6,f0:b4:79:03:84:73 -75
1,6,94:b4:0f:a3:7c:20 -77
1,6,00:11:50:9f:87:b1 -82
1,6,ac:a3:1e:86:b2:a2 -74
1,6,ac:a3:1e:86:b2:a1 -75
1,6,20:c9:d0:28:47:f5 -80
1,6,0 0
1,6,9c:1c:12:e2:73:80 -59
1,6,9c:1c:12:e2:73:83 -61
1,6,9c:1c:12:e2:73:82 -61
1,6,9c:1c:12:e2:74:a3 -67
1,6,9c:1c:12:e2:74:a1 -67
1,6,9c:1c:12:e2:74:a2 -67
1,6,7e:8d:4e:1f:fa:79 -73
1,6,9c:1c:12:bd:03:e3 -69
1,6,9c:1c:12:bd:03:e2 -69
1,6,9c:1c:12:e2:74:a0 -68
1,6,9c:1c:12:e2:73:81 -61
1,6,9c:1c:12:bd:03:e1 -70
1,6,9c:1c:12:bd:03:e0 -69
1,6,80:ea:96:ed:47:2c -80
1,6,ac:a3:1e:86:be:c0 -70
1,6,ac:a3:1e:86:be:c2 -65
1,6,ac:a3:1e:86:be:c1 -65
1,6,d8:c7:c8:3d:e5:c2 -74
1,6,70:56:81:cb:cf:bf -84
1,6,10:0d:7f:74:c5:68 -88
1,6,00:18:f8:c1:65:77 -85
1,6,00:24:36:a4:eb:1b -74
1,6,c0:c1:c0:d5:19:ab -85
1,6,ac:a3:1e:86:b2:a0 -73
1,6,c8:d3:a3:5b:cc:0c -82
1,6,f0:b4:79:03:84:73 -75
1,6,94:b4:0f:a3:7c:20 -77
1,6,00:11:50:9f:87:b1 -82
1,6,ac:a3:1e:86:b2:a2 -73
1,6,ac:a3:1e:86:b2:a1 -75
1,6,20:c9:d0:28:47:f5 -81
1,6,90:72:40:12:b3:e4 -89
1,6,10:9a:dd:8b:a0:73 -92
1,6,60:33:4b:e7:94:9f -88
1,6,0 0
1,6,9c:1c:12:e2:73:80 -59
1,6,9c:1c:12:e2:73:83 -61
1,6,9c:1c:12:e2:73:82 -61
1,6,9c:1c:12:e2:74:a3 -67
1,6,9c:1c:12:e2:74:a1 -67
1,6,9c:1c:12:e2:74:a2 -67
1,6,7e:8d:4e:1f:fa:79 -73
1,6,9c:1c:12:bd:03:e3 -69
1,6,9c:1c:12:bd:03:e2 -69
1,6,9c:1c:12:e2:74:a0 -68
1,6,9c:1c:12:e2:73:81 -61
1,6,9c:1c:12:bd:03:e1 -70
1,6,9c:1c:12:bd:03:e0 -69
1,6,80:ea:96:ed:47:2c -80
1,6,ac:a3:1e:86:be:c0 -70
1,6,ac:a3:1e:86:be:c2 -65
1,6,ac:a3:1e:86:be:c1 -65
1,6,d8:c7:c8:3d:e5:c2 -74
1,6,70:56:81:cb:cf:bf -84
1,6,10:0d:7f:74:c5:68 -88
1,6,00:18:f8:c1:65:77 -85
1,6,00:24:36:a4:eb:1b -74
1,6,c0:c1:c0:d5:19:ab -85
1,6,ac:a3:1e:86:b2:a0 -73
1,6,c8:d3:a3:5b:cc:0c -82
1,6,f0:b4:79:03:84:73 -75
1,6,94:b4:0f:a3:7c:20 -77
1,6,00:11:50:9f:87:b1 -82
1,6,ac:a3:1e:86:b2:a2 -73
1,6,ac:a3:1e:86:b2:a1 -75
1,6,20:c9:d0:28:47:f5 -81
1,6,90:72:40:12:b3:e4 -89
1,6,10:9a:dd:8b:a0:73 -92
1,6,60:33:4b:e7:94:9f -88
1,6,0 0
1,6,9c:1c:12:e2:73:80 -59
1,6,9c:1c:12:e2:73:83 -62
1,6,9c:1c:12:e2:73:82 -62
1,6,9c:1c:12:e2:74:a3 -67
1,6,9c:1c:12:e2:74:a1 -68
1,6,9c:1c:12:e2:74:a2 -68
1,6,7e:8d:4e:1f:fa:79 -75
1,6,9c:1c:12:bd:03:e3 -69
1,6,9c:1c:12:bd:03:e2 -68
1,6,9c:1c:12:e2:74:a0 -68
1,6,9c:1c:12:e2:73:81 -62
1,6,9c:1c:12:bd:03:e1 -69
1,6,9c:1c:12:bd:03:e0 -68
1,6,80:ea:96:ed:47:2c -80
1,6,ac:a3:1e:86:be:c0 -70
1,6,ac:a3:1e:86:be:c2 -65
1,6,ac:a3:1e:86:be:c1 -69
1,6,d8:c7:c8:3d:e5:c2 -74
1,6,70:56:81:cb:cf:bf -84
1,6,10:0d:7f:74:c5:68 -88
1,6,00:18:f8:c1:65:77 -84
1,6,00:24:36:a4:eb:1b -74
1,6,c0:c1:c0:d5:19:ab -85
1,6,ac:a3:1e:86:b2:a0 -73
1,6,c8:d3:a3:5b:cc:0c -82
1,6,f0:b4:79:03:84:73 -75
1,6,94:b4:0f:a3:7c:20 -78
1,6,00:11:50:9f:87:b1 -82
1,6,ac:a3:1e:86:b2:a2 -73
1,6,ac:a3:1e:86:b2:a1 -75
1,6,20:c9:d0:28:47:f5 -81
1,6,90:72:40:12:b3:e4 -89
1,6,10:9a:dd:8b:a0:73 -92
1,6,60:33:4b:e7:94:9f -88
1,6,d8:c7:c8:3d:e5:c0 -74
1,6,d8:c7:c8:3d:e5:c1 -75
1,6,0 0
1,6,9c:1c:12:e2:73:80 -59
1,6,9c:1c:12:e2:73:83 -62
1,6,9c:1c:12:e2:73:82 -62
1,6,9c:1c:12:e2:74:a3 -67
1,6,9c:1c:12:e2:74:a1 -68
1,6,9c:1c:12:e2:74:a2 -68
1,6,7e:8d:4e:1f:fa:79 -75
1,6,9c:1c:12:bd:03:e3 -69
1,6,9c:1c:12:bd:03:e2 -68
1,6,9c:1c:12:e2:74:a0 -68
1,6,9c:1c:12:e2:73:81 -62
1,6,9c:1c:12:bd:03:e1 -69
1,6,9c:1c:12:bd:03:e0 -68
1,6,80:ea:96:ed:47:2c -80
1,6,ac:a3:1e:86:be:c0 -70
1,6,ac:a3:1e:86:be:c2 -65
1,6,ac:a3:1e:86:be:c1 -69
1,6,d8:c7:c8:3d:e5:c2 -74
1,6,70:56:81:cb:cf:bf -84
1,6,10:0d:7f:74:c5:68 -88
1,6,00:18:f8:c1:65:77 -84
1,6,00:24:36:a4:eb:1b -74
1,6,c0:c1:c0:d5:19:ab -85
1,6,ac:a3:1e:86:b2:a0 -73
1,6,c8:d3:a3:5b:cc:0c -82
1,6,f0:b4:79:03:84:73 -75
1,6,94:b4:0f:a3:7c:20 -78
1,6,00:11:50:9f:87:b1 -82
1,6,ac:a3:1e:86:b2:a2 -73
1,6,ac:a3:1e:86:b2:a1 -75
1,6,20:c9:d0:28:47:f5 -81
1,6,90:72:40:12:b3:e4 -89
1,6,10:9a:dd:8b:a0:73 -92
1,6,60:33:4b:e7:94:9f -88
1,6,d8:c7:c8:3d:e5:c0 -74
1,6,d8:c7:c8:3d:e5:c1 -75
1,6,0 0
1,6,9c:1c:12:e2:73:80 -58
1,6,9c:1c:12:e2:73:83 -62
1,6,9c:1c:12:e2:73:82 -62
1,6,9c:1c:12:e2:74:a3 -67
1,6,9c:1c:12:e2:74:a1 -67
1,6,9c:1c:12:e2:74:a2 -67
1,6,7e:8d:4e:1f:fa:79 -72
1,6,9c:1c:12:bd:03:e3 -68
1,6,9c:1c:12:bd:03:e2 -68
1,6,9c:1c:12:e2:74:a0 -66
1,6,9c:1c:12:e2:73:81 -61
1,6,9c:1c:12:bd:03:e1 -69
1,6,9c:1c:12:bd:03:e0 -68
1,6,80:ea:96:ed:47:2c -79
1,6,ac:a3:1e:86:be:c0 -69
1,6,ac:a3:1e:86:be:c2 -65
1,6,ac:a3:1e:86:be:c1 -69
1,6,d8:c7:c8:3d:e5:c2 -74
1,6,70:56:81:cb:cf:bf -84
1,6,10:0d:7f:74:c5:68 -88
1,6,00:18:f8:c1:65:77 -84
1,6,00:24:36:a4:eb:1b -74
1,6,c0:c1:c0:d5:19:ab -85
1,6,ac:a3:1e:86:b2:a0 -73
1,6,c8:d3:a3:5b:cc:0c -82
1,6,f0:b4:79:03:84:73 -75
1,6,94:b4:0f:a3:7c:20 -76
1,6,00:11:50:9f:87:b1 -82
1,6,ac:a3:1e:86:b2:a2 -73
1,6,ac:a3:1e:86:b2:a1 -75
1,6,20:c9:d0:28:47:f5 -78
1,6,90:72:40:12:b3:e4 -89
1,6,10:9a:dd:8b:a0:73 -92
1,6,60:33:4b:e7:94:9f -88
1,6,d8:c7:c8:3d:e5:c0 -74
1,6,d8:c7:c8:3d:e5:c1 -75
1,6,94:b4:0f:a3:7c:22 -77
1,6,34:36:3b:c3:0f:44 -84
1,6,94:b4:0f:a3:7c:21 -79
1,6,94:b4:0f:a3:80:21 -86
1,6,0 0
1,6,9c:1c:12:e2:73:80 -58
1,6,9c:1c:12:e2:73:83 -62
1,6,9c:1c:12:e2:73:82 -62
1,6,9c:1c:12:e2:74:a3 -67
1,6,9c:1c:12:e2:74:a1 -67
1,6,9c:1c:12:e2:74:a2 -67
1,6,7e:8d:4e:1f:fa:79 -72
1,6,9c:1c:12:bd:03:e3 -68
1,6,9c:1c:12:bd:03:e2 -68
1,6,9c:1c:12:e2:74:a0 -66
1,6,9c:1c:12:e2:73:81 -61
1,6,9c:1c:12:bd:03:e1 -69
1,6,9c:1c:12:bd:03:e0 -67
1,6,80:ea:96:ed:47:2c -79
1,6,ac:a3:1e:86:be:c0 -68
1,6,ac:a3:1e:86:be:c2 -68
1,6,ac:a3:1e:86:be:c1 -68
1,6,d8:c7:c8:3d:e5:c2 -74
1,6,10:0d:7f:74:c5:68 -88
1,6,00:18:f8:c1:65:77 -84
1,6,00:24:36:a4:eb:1b -84
1,6,c0:c1:c0:d5:19:ab -85
1,6,ac:a3:1e:86:b2:a0 -73
1,6,c8:d3:a3:5b:cc:0c -82
1,6,f0:b4:79:03:84:73 -75
1,6,94:b4:0f:a3:7c:20 -76
1,6,00:11:50:9f:87:b1 -82
1,6,ac:a3:1e:86:b2:a2 -73
1,6,ac:a3:1e:86:b2:a1 -75
1,6,20:c9:d0:28:47:f5 -81
1,6,90:72:40:12:b3:e4 -89
1,6,10:9a:dd:8b:a0:73 -92
1,6,60:33:4b:e7:94:9f -88
1,6,d8:c7:c8:3d:e5:c0 -74
1,6,d8:c7:c8:3d:e5:c1 -75
1,6,94:b4:0f:a3:7c:22 -77
1,6,34:36:3b:c3:0f:44 -84
1,6,94:b4:0f:a3:7c:21 -79
1,6,94:b4:0f:a3:80:21 -86
1,6,d8:c7:c8:42:dc:42 -88
1,6,80:ea:96:f3:42:98 -92
1,6,0 0
1,6,9c:1c:12:e2:73:80 -58
1,6,9c:1c:12:e2:73:83 -59
1,6,9c:1c:12:e2:73:82 -59
1,6,9c:1c:12:e2:74:a3 -66
1,6,9c:1c:12:e2:74:a1 -66
1,6,9c:1c:12:e2:74:a2 -66
1,6,7e:8d:4e:1f:fa:79 -73
1,6,9c:1c:12:bd:03:e3 -67
1,6,9c:1c:12:bd:03:e2 -67
1,6,9c:1c:12:e2:74:a0 -65
1,6,9c:1c:12:e2:73:81 -59
1,6,9c:1c:12:bd:03:e1 -67
1,6,9c:1c:12:bd:03:e0 -66
1,6,80:ea:96:ed:47:2c -83
1,6,ac:a3:1e:86:be:c0 -68
1,6,ac:a3:1e:86:be:c2 -68
1,6,ac:a3:1e:86:be:c1 -68
1,6,d8:c7:c8:3d:e5:c2 -74
1,6,10:0d:7f:74:c5:68 -88
1,6,00:18:f8:c1:65:77 -85
1,6,00:24:36:a4:eb:1b -84
1,6,ac:a3:1e:86:b2:a0 -73
1,6,c8:d3:a3:5b:cc:0c -81
1,6,94:b4:0f:a3:7c:20 -76
1,6,00:11:50:9f:87:b1 -82
1,6,ac:a3:1e:86:b2:a2 -75
1,6,ac:a3:1e:86:b2:a1 -74
1,6,20:c9:d0:28:47:f5 -79
1,6,90:72:40:12:b3:e4 -89
1,6,10:9a:dd:8b:a0:73 -92
1,6,60:33:4b:e7:94:9f -88
1,6,d8:c7:c8:3d:e5:c0 -74
1,6,d8:c7:c8:3d:e5:c1 -75
1,6,94:b4:0f:a3:7c:22 -77
1,6,34:36:3b:c3:0f:44 -84
1,6,94:b4:0f:a3:7c:21 -76
1,6,94:b4:0f:a3:80:21 -86
1,6,d8:c7:c8:42:dc:42 -88
1,6,80:ea:96:f3:42:98 -92
1,6,70:56:81:cb:cf:bf -86
1,6,0 0
1,6,9c:1c:12:e2:73:80 -58
1,6,9c:1c:12:e2:73:83 -59
1,6,9c:1c:12:e2:73:82 -59
1,6,9c:1c:12:e2:74:a3 -67
1,6,9c:1c:12:e2:74:a1 -67
1,6,9c:1c:12:e2:74:a2 -66
1,6,7e:8d:4e:1f:fa:79 -74
1,6,9c:1c:12:bd:03:e3 -65
1,6,9c:1c:12:bd:03:e2 -64
1,6,9c:1c:12:e2:74:a0 -67
1,6,9c:1c:12:e2:73:81 -59
1,6,9c:1c:12:bd:03:e1 -65
1,6,9c:1c:12:bd:03:e0 -65
1,6,80:ea:96:ed:47:2c -83
1,6,ac:a3:1e:86:be:c0 -68
1,6,ac:a3:1e:86:be:c2 -68
1,6,ac:a3:1e:86:be:c1 -68
1,6,d8:c7:c8:3d:e5:c2 -74
1,6,10:0d:7f:74:c5:68 -88
1,6,00:18:f8:c1:65:77 -85
1,6,00:24:36:a4:eb:1b -84
1,6,ac:a3:1e:86:b2:a0 -73
1,6,c8:d3:a3:5b:cc:0c -81
1,6,94:b4:0f:a3:7c:20 -76
1,6,00:11:50:9f:87:b1 -82
1,6,ac:a3:1e:86:b2:a2 -73
1,6,ac:a3:1e:86:b2:a1 -74
1,6,20:c9:d0:28:47:f5 -80
1,6,90:72:40:12:b3:e4 -89
1,6,10:9a:dd:8b:a0:73 -92
1,6,60:33:4b:e7:94:9f -88
1,6,d8:c7:c8:3d:e5:c0 -74
1,6,d8:c7:c8:3d:e5:c1 -75
1,6,94:b4:0f:a3:7c:22 -77
1,6,34:36:3b:c3:0f:44 -84
1,6,94:b4:0f:a3:7c:21 -76
1,6,94:b4:0f:a3:80:21 -86
1,6,d8:c7:c8:42:dc:42 -88
1,6,80:ea:96:f3:42:98 -92
1,6,70:56:81:cb:cf:bf -84
1,6,94:b4:0f:a3:69:62 -82
1,6,f0:b4:79:03:84:73 -86
1,6,34:12:98:07:f0:8c -90
1,6,0 0
1,6,9c:1c:12:e2:73:80 -58
1,6,9c:1c:12:e2:73:83 -59
1,6,9c:1c:12:e2:73:82 -59
1,6,9c:1c:12:e2:74:a3 -67
1,6,9c:1c:12:e2:74:a1 -66
1,6,9c:1c:12:e2:74:a2 -66
1,6,7e:8d:4e:1f:fa:79 -74
1,6,9c:1c:12:bd:03:e3 -65
1,6,9c:1c:12:bd:03:e2 -65
1,6,9c:1c:12:e2:74:a0 -66
1,6,9c:1c:12:e2:73:81 -59
1,6,9c:1c:12:bd:03:e1 -64
1,6,9c:1c:12:bd:03:e0 -65
1,6,80:ea:96:ed:47:2c -83
1,6,ac:a3:1e:86:be:c0 -68
1,6,ac:a3:1e:86:be:c2 -68
1,6,ac:a3:1e:86:be:c1 -69
1,6,d8:c7:c8:3d:e5:c2 -73
1,6,10:0d:7f:74:c5:68 -88
1,6,00:18:f8:c1:65:77 -85
1,6,00:24:36:a4:eb:1b -84
1,6,ac:a3:1e:86:b2:a0 -73
1,6,c8:d3:a3:5b:cc:0c -81
1,6,94:b4:0f:a3:7c:20 -78
1,6,ac:a3:1e:86:b2:a2 -74
1,6,ac:a3:1e:86:b2:a1 -74
1,6,20:c9:d0:28:47:f5 -76
1,6,90:72:40:12:b3:e4 -89
1,6,10:9a:dd:8b:a0:73 -92
1,6,60:33:4b:e7:94:9f -88
1,6,d8:c7:c8:3d:e5:c0 -73
1,6,d8:c7:c8:3d:e5:c1 -75
1,6,94:b4:0f:a3:7c:22 -78
1,6,34:36:3b:c3:0f:44 -84
1,6,94:b4:0f:a3:7c:21 -78
1,6,94:b4:0f:a3:80:21 -86
1,6,d8:c7:c8:42:dc:42 -88
1,6,80:ea:96:f3:42:98 -92
1,6,70:56:81:cb:cf:bf -84
1,6,94:b4:0f:a3:69:62 -82
1,6,f0:b4:79:03:84:73 -86
1,6,34:12:98:07:f0:8c -90
1,6,d0:03:4b:cc:52:f9 -85
1,6,0 0
1,6,9c:1c:12:e2:73:80 -58
1,6,9c:1c:12:e2:73:83 -59
1,6,9c:1c:12:e2:73:82 -59
1,6,9c:1c:12:e2:74:a3 -69
1,6,9c:1c:12:e2:74:a1 -69
1,6,9c:1c:12:e2:74:a2 -69
1,6,7e:8d:4e:1f:fa:79 -70
1,6,9c:1c:12:bd:03:e3 -67
1,6,9c:1c:12:bd:03:e2 -67
1,6,9c:1c:12:e2:74:a0 -68
1,6,9c:1c:12:e2:73:81 -59
1,6,9c:1c:12:bd:03:e1 -67
1,6,9c:1c:12:bd:03:e0 -66
1,6,80:ea:96:ed:47:2c -83
1,6,ac:a3:1e:86:be:c0 -68
1,6,ac:a3:1e:86:be:c2 -68
1,6,ac:a3:1e:86:be:c1 -69
1,6,d8:c7:c8:3d:e5:c2 -73
1,6,10:0d:7f:74:c5:68 -88
1,6,00:18:f8:c1:65:77 -82
1,6,00:24:36:a4:eb:1b -84
1,6,ac:a3:1e:86:b2:a0 -73
1,6,c8:d3:a3:5b:cc:0c -81
1,6,94:b4:0f:a3:7c:20 -78
1,6,ac:a3:1e:86:b2:a2 -74
1,6,ac:a3:1e:86:b2:a1 -75
1,6,20:c9:d0:28:47:f5 -76
1,6,90:72:40:12:b3:e4 -89
1,6,10:9a:dd:8b:a0:73 -92
1,6,60:33:4b:e7:94:9f -88
1,6,d8:c7:c8:3d:e5:c0 -73
1,6,d8:c7:c8:3d:e5:c1 -73
1,6,94:b4:0f:a3:7c:22 -78
1,6,34:36:3b:c3:0f:44 -85
1,6,94:b4:0f:a3:7c:21 -78
1,6,94:b4:0f:a3:80:21 -86
1,6,d8:c7:c8:42:dc:42 -88
1,6,80:ea:96:f3:42:98 -88
1,6,70:56:81:cb:cf:bf -84
1,6,94:b4:0f:a3:69:62 -82
1,6,f0:b4:79:03:84:73 -86
1,6,34:12:98:07:f0:8c -90
1,6,d0:03:4b:cc:52:f9 -85
1,6,70:73:cb:bb:cc:2f -83
1,6,0 0
1,6,9c:1c:12:e2:73:80 -63
1,6,9c:1c:12:e2:73:83 -59
1,6,9c:1c:12:e2:73:82 -59
1,6,9c:1c:12:e2:74:a3 -69
1,6,9c:1c:12:e2:74:a1 -69
1,6,9c:1c:12:e2:74:a2 -69
1,6,7e:8d:4e:1f:fa:79 -70
1,6,9c:1c:12:bd:03:e3 -68
1,6,9c:1c:12:bd:03:e2 -67
1,6,9c:1c:12:e2:74:a0 -68
1,6,9c:1c:12:e2:73:81 -59
1,6,9c:1c:12:bd:03:e1 -68
1,6,9c:1c:12:bd:03:e0 -66
1,6,80:ea:96:ed:47:2c -79
1,6,ac:a3:1e:86:be:c0 -68
1,6,ac:a3:1e:86:be:c2 -68
1,6,ac:a3:1e:86:be:c1 -69
1,6,d8:c7:c8:3d:e5:c2 -73
1,6,10:0d:7f:74:c5:68 -88
1,6,00:18:f8:c1:65:77 -82
1,6,00:24:36:a4:eb:1b -84
1,6,ac:a3:1e:86:b2:a0 -73
1,6,c8:d3:a3:5b:cc:0c -81
1,6,94:b4:0f:a3:7c:20 -78
1,6,ac:a3:1e:86:b2:a2 -74
1,6,ac:a3:1e:86:b2:a1 -75
1,6,20:c9:d0:28:47:f5 -76
1,6,90:72:40:12:b3:e4 -89
1,6,10:9a:dd:8b:a0:73 -92
1,6,60:33:4b:e7:94:9f -88
1,6,d8:c7:c8:3d:e5:c0 -73
1,6,d8:c7:c8:3d:e5:c1 -73
1,6,94:b4:0f:a3:7c:22 -78
1,6,34:36:3b:c3:0f:44 -86
1,6,94:b4:0f:a3:7c:21 -78
1,6,94:b4:0f:a3:80:21 -86
1,6,d8:c7:c8:42:dc:42 -88
1,6,80:ea:96:f3:42:98 -88
1,6,70:56:81:cb:cf:bf -83
1,6,94:b4:0f:a3:69:62 -82
1,6,f0:b4:79:03:84:73 -86
1,6,34:12:98:07:f0:8c -90
1,6,d0:03:4b:cc:52:f9 -85
1,6,70:73:cb:bb:cc:2f -83
1,6,0 0
1,6,9c:1c:12:e2:73:80 -63
1,6,9c:1c:12:e2:73:83 -60
1,6,9c:1c:12:e2:73:82 -60
1,6,9c:1c:12:e2:74:a3 -69
1,6,9c:1c:12:e2:74:a1 -69
1,6,9c:1c:12:e2:74:a2 -69
1,6,7e:8d:4e:1f:fa:79 -70
1,6,9c:1c:12:bd:03:e3 -68
1,6,9c:1c:12:bd:03:e2 -68
1,6,9c:1c:12:e2:74:a0 -69
1,6,9c:1c:12:e2:73:81 -60
1,6,9c:1c:12:bd:03:e1 -68
1,6,9c:1c:12:bd:03:e0 -66
1,6,80:ea:96:ed:47:2c -79
1,6,ac:a3:1e:86:be:c0 -68
1,6,ac:a3:1e:86:be:c2 -68
1,6,ac:a3:1e:86:be:c1 -69
1,6,d8:c7:c8:3d:e5:c2 -73
1,6,00:18:f8:c1:65:77 -82
1,6,00:24:36:a4:eb:1b -84
1,6,c8:d3:a3:5b:cc:0c -81
1,6,94:b4:0f:a3:7c:20 -78
1,6,ac:a3:1e:86:b2:a2 -73
1,6,ac:a3:1e:86:b2:a1 -75
1,6,20:c9:d0:28:47:f5 -76
1,6,90:72:40:12:b3:e4 -89
1,6,d8:c7:c8:3d:e5:c0 -73
1,6,d8:c7:c8:3d:e5:c1 -73
1,6,94:b4:0f:a3:7c:22 -78
1,6,34:36:3b:c3:0f:44 -86
1,6,94:b4:0f:a3:7c:21 -78
1,6,94:b4:0f:a3:80:21 -86
1,6,d8:c7:c8:42:dc:42 -88
1,6,80:ea:96:f3:42:98 -88
1,6,70:56:81:cb:cf:bf -83
1,6,94:b4:0f:a3:69:62 -82
1,6,f0:b4:79:03:84:73 -86
1,6,34:12:98:07:f0:8c -90
1,6,d0:03:4b:cc:52:f9 -85
1,6,70:73:cb:bb:cc:2f -86
1,6,d8:c7:c8:42:2e:42 -85
1,6,0 0
1,6,9c:1c:12:e2:73:80 -63
1,6,9c:1c:12:e2:73:83 -61
1,6,9c:1c:12:e2:73:82 -60
1,6,9c:1c:12:e2:74:a3 -69
1,6,9c:1c:12:e2:74:a1 -69
1,6,9c:1c:12:e2:74:a2 -69
1,6,7e:8d:4e:1f:fa:79 -70
1,6,9c:1c:12:bd:03:e3 -68
1,6,9c:1c:12:bd:03:e2 -68
1,6,9c:1c:12:e2:74:a0 -69
1,6,9c:1c:12:e2:73:81 -60
1,6,9c:1c:12:bd:03:e1 -68
1,6,9c:1c:12:bd:03:e0 -66
1,6,80:ea:96:ed:47:2c -79
1,6,ac:a3:1e:86:be:c0 -68
1,6,ac:a3:1e:86:be:c2 -68
1,6,ac:a3:1e:86:be:c1 -69
1,6,d8:c7:c8:3d:e5:c2 -73
1,6,00:18:f8:c1:65:77 -82
1,6,00:24:36:a4:eb:1b -84
1,6,c8:d3:a3:5b:cc:0c -81
1,6,94:b4:0f:a3:7c:20 -78
1,6,ac:a3:1e:86:b2:a2 -74
1,6,ac:a3:1e:86:b2:a1 -75
1,6,20:c9:d0:28:47:f5 -74
1,6,90:72:40:12:b3:e4 -88
1,6,d8:c7:c8:3d:e5:c0 -73
1,6,d8:c7:c8:3d:e5:c1 -73
1,6,94:b4:0f:a3:7c:22 -78
1,6,34:36:3b:c3:0f:44 -84
1,6,94:b4:0f:a3:7c:21 -78
1,6,94:b4:0f:a3:80:21 -86
1,6,d8:c7:c8:42:dc:42 -88
1,6,80:ea:96:f3:42:98 -88
1,6,70:56:81:cb:cf:bf -84
1,6,94:b4:0f:a3:69:62 -82
1,6,f0:b4:79:03:84:73 -86
1,6,34:12:98:07:f0:8c -90
1,6,d0:03:4b:cc:52:f9 -85
1,6,70:73:cb:bb:cc:2f -86
1,6,d8:c7:c8:42:2e:42 -85
1,6,ac:a3:1e:86:b2:a0 -75
1,6,0 0
1,6,9c:1c:12:e2:73:80 -63
1,6,9c:1c:12:e2:73:83 -61
1,6,9c:1c:12:e2:73:82 -62
1,6,9c:1c:12:e2:74:a3 -69
1,6,9c:1c:12:e2:74:a1 -69
1,6,9c:1c:12:e2:74:a2 -69
1,6,7e:8d:4e:1f:fa:79 -71
1,6,9c:1c:12:bd:03:e3 -68
1,6,9c:1c:12:bd:03:e2 -68
1,6,9c:1c:12:e2:74:a0 -69
1,6,9c:1c:12:e2:73:81 -62
1,6,9c:1c:12:bd:03:e1 -68
1,6,9c:1c:12:bd:03:e0 -66
1,6,80:ea:96:ed:47:2c -79
1,6,ac:a3:1e:86:be:c0 -68
1,6,ac:a3:1e:86:be:c2 -68
1,6,ac:a3:1e:86:be:c1 -69
1,6,d8:c7:c8:3d:e5:c2 -74
1,6,00:18:f8:c1:65:77 -82
1,6,00:24:36:a4:eb:1b -84
1,6,c8:d3:a3:5b:cc:0c -80
1,6,94:b4:0f:a3:7c:20 -78
1,6,ac:a3:1e:86:b2:a2 -74
1,6,ac:a3:1e:86:b2:a1 -75
1,6,20:c9:d0:28:47:f5 -76
1,6,90:72:40:12:b3:e4 -88
1,6,d8:c7:c8:3d:e5:c0 -73
1,6,d8:c7:c8:3d:e5:c1 -73
1,6,94:b4:0f:a3:7c:22 -78
1,6,34:36:3b:c3:0f:44 -86
1,6,94:b4:0f:a3:7c:21 -78
1,6,94:b4:0f:a3:80:21 -86
1,6,d8:c7:c8:42:dc:42 -88
1,6,80:ea:96:f3:42:98 -89
1,6,70:56:81:cb:cf:bf -85
1,6,94:b4:0f:a3:69:62 -82
1,6,f0:b4:79:03:84:73 -86
1,6,34:12:98:07:f0:8c -90
1,6,d0:03:4b:cc:52:f9 -85
1,6,70:73:cb:bb:cc:2f -86
1,6,d8:c7:c8:42:2e:42 -85
1,6,ac:a3:1e:86:b2:a0 -75
1,6,0 0
1,6,1 0
1,10,9c:1c:12:e2:73:80 -63
1,10,9c:1c:12:e2:73:83 -62
1,10,9c:1c:12:e2:73:82 -62
1,10,9c:1c:12:e2:74:a3 -69
1,10,9c:1c:12:e2:74:a1 -69
1,10,9c:1c:12:e2:74:a2 -69
1,10,7e:8d:4e:1f:fa:79 -69
1,10,9c:1c:12:bd:03:e3 -68
1,10,9c:1c:12:bd:03:e2 -68
1,10,9c:1c:12:e2:74:a0 -69
1,10,9c:1c:12:e2:73:81 -62
1,10,9c:1c:12:bd:03:e1 -68
1,10,9c:1c:12:bd:03:e0 -67
1,10,80:ea:96:ed:47:2c -79
1,10,ac:a3:1e:86:be:c0 -68
1,10,ac:a3:1e:86:be:c2 -68
1,10,ac:a3:1e:86:be:c1 -69
1,10,d8:c7:c8:3d:e5:c2 -74
1,10,00:18:f8:c1:65:77 -82
1,10,00:24:36:a4:eb:1b -84
1,10,c8:d3:a3:5b:cc:0c -80
1,10,94:b4:0f:a3:7c:20 -78
1,10,ac:a3:1e:86:b2:a2 -74
1,10,ac:a3:1e:86:b2:a1 -75
1,10,20:c9:d0:28:47:f5 -77
1,10,90:72:40:12:b3:e4 -88
1,10,d8:c7:c8:3d:e5:c0 -73
1,10,d8:c7:c8:3d:e5:c1 -74
1,10,94:b4:0f:a3:7c:22 -78
1,10,34:36:3b:c3:0f:44 -86
1,10,94:b4:0f:a3:7c:21 -78
1,10,94:b4:0f:a3:80:21 -86
1,10,d8:c7:c8:42:dc:42 -88
1,10,80:ea:96:f3:42:98 -89
1,10,70:56:81:cb:cf:bf -85
1,10,94:b4:0f:a3:69:62 -82
1,10,f0:b4:79:03:84:73 -86
1,10,34:12:98:07:f0:8c -90
1,10,d0:03:4b:cc:52:f9 -87
1,10,70:73:cb:bb:cc:2f -86
1,10,d8:c7:c8:42:2e:42 -85
1,10,ac:a3:1e:86:b2:a0 -75
1,10,00:11:50:9f:87:b1 -88
1,10,70:56:81:cd:0c:65 -89
1,10,0 0
1,10,9c:1c:12:e2:73:80 -61
1,10,9c:1c:12:e2:73:83 -65
1,10,9c:1c:12:e2:73:82 -66
1,10,9c:1c:12:e2:74:a3 -63
1,10,9c:1c:12:e2:74:a1 -63
1,10,9c:1c:12:e2:74:a2 -62
1,10,7e:8d:4e:1f:fa:79 -70
1,10,9c:1c:12:bd:03:e3 -64
1,10,9c:1c:12:bd:03:e2 -64
1,10,9c:1c:12:e2:74:a0 -62
1,10,9c:1c:12:e2:73:81 -66
1,10,9c:1c:12:bd:03:e1 -64
1,10,9c:1c:12:bd:03:e0 -63
1,10,80:ea:96:ed:47:2c -79
1,10,ac:a3:1e:86:be:c0 -68
1,10,ac:a3:1e:86:be:c2 -68
1,10,ac:a3:1e:86:be:c1 -69
1,10,d8:c7:c8:3d:e5:c2 -74
1,10,00:18:f8:c1:65:77 -82
1,10,c8:d3:a3:5b:cc:0c -80
1,10,94:b4:0f:a3:7c:20 -78
1,10,ac:a3:1e:86:b2:a2 -74
1,10,ac:a3:1e:86:b2:a1 -75
1,10,20:c9:d0:28:47:f5 -77
1,10,90:72:40:12:b3:e4 -88
1,10,d8:c7:c8:3d:e5:c0 -73
1,10,d8:c7:c8:3d:e5:c1 -74
1,10,94:b4:0f:a3:7c:22 -78
1,10,34:36:3b:c3:0f:44 -86
1,10,94:b4:0f:a3:7c:21 -78
1,10,94:b4:0f:a3:80:21 -86
1,10,80:ea:96:f3:42:98 -89
1,10,70:56:81:cb:cf:bf -85
1,10,94:b4:0f:a3:69:62 -82
1,10,f0:b4:79:03:84:73 -86
1,10,34:12:98:07:f0:8c -90
1,10,d0:03:4b:cc:52:f9 -87
1,10,70:73:cb:bb:cc:2f -86
1,10,d8:c7:c8:42:2e:42 -85
1,10,ac:a3:1e:86:b2:a0 -75
1,10,00:11:50:9f:87:b1 -88
1,10,70:56:81:cd:0c:65 -89
1,10,68:7f:74:4e:6a:f7 -72
1,10,d8:c7:c8:42:27:80 -76
1,10,10:fe:ed:40:a4:25 -76
1,10,10:0d:7f:74:c5:68 -76
1,10,b8:c7:5d:09:08:67 -76
1,10,d8:c7:c8:3d:e8:00 -79
1,10,00:1e:e5:83:01:8f -81
1,10,e0:46:9a:7a:1b:dc -89
1,10,0 0
1,10,9c:1c:12:e2:73:80 -61
1,10,9c:1c:12:e2:73:83 -66
1,10,9c:1c:12:e2:73:82 -66
1,10,9c:1c:12:e2:74:a3 -63
1,10,9c:1c:12:e2:74:a1 -63
1,10,9c:1c:12:e2:74:a2 -63
1,10,7e:8d:4e:1f:fa:79 -72
1,10,9c:1c:12:bd:03:e3 -64
1,10,9c:1c:12:bd:03:e2 -64
1,10,9c:1c:12:e2:74:a0 -62
1,10,9c:1c:12:e2:73:81 -66
1,10,9c:1c:12:bd:03:e1 -63
1,10,9c:1c:12:bd:03:e0 -63
1,10,d8:c7:c8:3d:e5:c2 -74
1,10,c8:d3:a3:5b:cc:0c -80
1,10,94:b4:0f:a3:7c:20 -78
1,10,20:c9:d0:28:47:f5 -77
1,10,d8:c7:c8:3d:e5:c0 -73
1,10,d8:c7:c8:3d:e5:c1 -74
1,10,94:b4:0f:a3:7c:22 -78
1,10,34:36:3b:c3:0f:44 -90
1,10,94:b4:0f:a3:7c:21 -78
1,10,80:ea:96:f3:42:98 -89
1,10,70:56:81:cb:cf:bf -85
1,10,d0:03:4b:cc:52:f9 -87
1,10,00:11:50:9f:87:b1 -88
1,10,70:56:81:cd:0c:65 -89
1,10,68:7f:74:4e:6a:f7 -72
1,10,d8:c7:c8:42:27:80 -76
1,10,10:fe:ed:40:a4:25 -80
1,10,10:0d:7f:74:c5:68 -73
1,10,b8:c7:5d:09:08:67 -74
1,10,d8:c7:c8:3d:e8:00 -79
1,10,00:1e:e5:83:01:8f -78
1,10,e0:46:9a:7a:1b:dc -85
1,10,a4:2b:8c:1c:3f:cf -81
1,10,88:1f:a1:3e:ac:f2 -82
1,10,a4:2b:8c:53:b7:78 -84
1,10,00:71:cc:2b:d6:9f -85
1,10,02:27:17:4c:6e:8b -87
1,10,0 0
1,10,9c:1c:12:e2:73:80 -61
1,10,9c:1c:12:e2:73:83 -66
1,10,9c:1c:12:e2:73:82 -66
1,10,9c:1c:12:e2:74:a3 -63
1,10,9c:1c:12:e2:74:a1 -63
1,10,9c:1c:12:e2:74:a2 -63
1,10,7e:8d:4e:1f:fa:79 -72
1,10,9c:1c:12:bd:03:e3 -64
1,10,9c:1c:12:bd:03:e2 -64
1,10,9c:1c:12:e2:74:a0 -62
1,10,9c:1c:12:e2:73:81 -66
1,10,9c:1c:12:bd:03:e1 -63
1,10,9c:1c:12:bd:03:e0 -63
1,10,d8:c7:c8:3d:e5:c2 -74
1,10,c8:d3:a3:5b:cc:0c -80
1,10,94:b4:0f:a3:7c:20 -78
1,10,20:c9:d0:28:47:f5 -77
1,10,d8:c7:c8:3d:e5:c0 -73
1,10,d8:c7:c8:3d:e5:c1 -74
1,10,94:b4:0f:a3:7c:22 -78
1,10,34:36:3b:c3:0f:44 -90
1,10,94:b4:0f:a3:7c:21 -78
1,10,80:ea:96:f3:42:98 -89
1,10,70:56:81:cb:cf:bf -85
1,10,d0:03:4b:cc:52:f9 -87
1,10,00:11:50:9f:87:b1 -88
1,10,70:56:81:cd:0c:65 -89
1,10,68:7f:74:4e:6a:f7 -72
1,10,d8:c7:c8:42:27:80 -76
1,10,10:fe:ed:40:a4:25 -80
1,10,10:0d:7f:74:c5:68 -73
1,10,b8:c7:5d:09:08:67 -74
1,10,d8:c7:c8:3d:e8:00 -79
1,10,00:1e:e5:83:01:8f -78
1,10,e0:46:9a:7a:1b:dc -85
1,10,a4:2b:8c:1c:3f:cf -81
1,10,88:1f:a1:3e:ac:f2 -82
1,10,a4:2b:8c:53:b7:78 -84
1,10,00:71:cc:2b:d6:9f -85
1,10,02:27:17:4c:6e:8b -87
1,10,0 0
1,10,9c:1c:12:e2:73:80 -64
1,10,9c:1c:12:e2:73:83 -70
1,10,9c:1c:12:e2:73:82 -70
1,10,9c:1c:12:e2:74:a3 -61
1,10,9c:1c:12:e2:74:a1 -61
1,10,9c:1c:12:e2:74:a2 -61
1,10,7e:8d:4e:1f:fa:79 -76
1,10,9c:1c:12:bd:03:e3 -64
1,10,9c:1c:12:bd:03:e2 -64
1,10,9c:1c:12:e2:74:a0 -61
1,10,9c:1c:12:e2:73:81 -70
1,10,9c:1c:12:bd:03:e1 -63
1,10,9c:1c:12:bd:03:e0 -63
1,10,d8:c7:c8:3d:e5:c2 -74
1,10,c8:d3:a3:5b:cc:0c -80
1,10,94:b4:0f:a3:7c:20 -78
1,10,20:c9:d0:28:47:f5 -77
1,10,d8:c7:c8:3d:e5:c0 -73
1,10,d8:c7:c8:3d:e5:c1 -74
1,10,94:b4:0f:a3:7c:22 -78
1,10,34:36:3b:c3:0f:44 -90
1,10,94:b4:0f:a3:7c:21 -78
1,10,80:ea:96:f3:42:98 -89
1,10,70:56:81:cb:cf:bf -85
1,10,d0:03:4b:cc:52:f9 -87
1,10,00:11:50:9f:87:b1 -88
1,10,70:56:81:cd:0c:65 -89
1,10,68:7f:74:4e:6a:f7 -67
1,10,d8:c7:c8:42:27:80 -76
1,10,10:fe:ed:40:a4:25 -72
1,10,10:0d:7f:74:c5:68 -74
1,10,b8:c7:5d:09:08:67 -73
1,10,d8:c7:c8:3d:e8:00 -79
1,10,00:1e:e5:83:01:8f -74
1,10,e0:46:9a:7a:1b:dc -85
1,10,a4:2b:8c:1c:3f:cf -81
1,10,88:1f:a1:3e:ac:f2 -82
1,10,a4:2b:8c:53:b7:78 -84
1,10,00:71:cc:2b:d6:9f -85
1,10,02:27:17:4c:6e:8b -79
1,10,ba:c7:5d:09:08:68 -73
1,10,2c:b0:5d:a0:ca:84 -81
1,10,00:24:6c:06:51:f1 -87
1,10,0 0
1,10,9c:1c:12:e2:73:80 -64
1,10,9c:1c:12:e2:73:83 -68
1,10,9c:1c:12:e2:73:82 -68
1,10,9c:1c:12:e2:74:a3 -62
1,10,9c:1c:12:e2:74:a1 -62
1,10,9c:1c:12:e2:74:a2 -62
1,10,7e:8d:4e:1f:fa:79 -80
1,10,9c:1c:12:bd:03:e3 -62
1,10,9c:1c:12:bd:03:e2 -61
1,10,9c:1c:12:e2:74:a0 -62
1,10,9c:1c:12:e2:73:81 -68
1,10,9c:1c:12:bd:03:e1 -61
1,10,9c:1c:12:bd:03:e0 -62
1,10,d8:c7:c8:3d:e5:c2 -74
1,10,c8:d3:a3:5b:cc:0c -80
1,10,94:b4:0f:a3:7c:20 -78
1,10,20:c9:d0:28:47:f5 -77
1,10,d8:c7:c8:3d:e5:c0 -73
1,10,d8:c7:c8:3d:e5:c1 -74
1,10,94:b4:0f:a3:7c:22 -78
1,10,34:36:3b:c3:0f:44 -90
1,10,94:b4:0f:a3:7c:21 -78
1,10,80:ea:96:f3:42:98 -89
1,10,70:56:81:cb:cf:bf -85
1,10,d0:03:4b:cc:52:f9 -87
1,10,00:11:50:9f:87:b1 -88
1,10,70:56:81:cd:0c:65 -89
1,10,68:7f:74:4e:6a:f7 -67
1,10,d8:c7:c8:42:27:80 -76
1,10,10:fe:ed:40:a4:25 -74
1,10,10:0d:7f:74:c5:68 -75
1,10,b8:c7:5d:09:08:67 -73
1,10,d8:c7:c8:3d:e8:00 -79
1,10,00:1e:e5:83:01:8f -71
1,10,e0:46:9a:7a:1b:dc -85
1,10,a4:2b:8c:1c:3f:cf -81
1,10,88:1f:a1:3e:ac:f2 -82
1,10,a4:2b:8c:53:b7:78 -82
1,10,00:71:cc:2b:d6:9f -85
1,10,02:27:17:4c:6e:8b -84
1,10,ba:c7:5d:09:08:68 -74
1,10,2c:b0:5d:a0:ca:84 -81
1,10,00:24:6c:06:51:f1 -87
1,10,0 0
1,10,9c:1c:12:e2:73:80 -64
1,10,9c:1c:12:e2:73:83 -68
1,10,9c:1c:12:e2:73:82 -68
1,10,9c:1c:12:e2:74:a3 -64
1,10,9c:1c:12:e2:74:a1 -65
1,10,9c:1c:12:e2:74:a2 -65
1,10,7e:8d:4e:1f:fa:79 -76
1,10,9c:1c:12:bd:03:e3 -64
1,10,9c:1c:12:bd:03:e2 -65
1,10,9c:1c:12:e2:74:a0 -65
1,10,9c:1c:12:e2:73:81 -68
1,10,9c:1c:12:bd:03:e1 -65
1,10,9c:1c:12:bd:03:e0 -64
1,10,d8:c7:c8:3d:e5:c2 -74
1,10,c8:d3:a3:5b:cc:0c -80
1,10,94:b4:0f:a3:7c:20 -78
1,10,20:c9:d0:28:47:f5 -77
1,10,d8:c7:c8:3d:e5:c0 -73
1,10,d8:c7:c8:3d:e5:c1 -74
1,10,94:b4:0f:a3:7c:22 -78
1,10,34:36:3b:c3:0f:44 -90
1,10,94:b4:0f:a3:7c:21 -78
1,10,80:ea:96:f3:42:98 -89
1,10,70:56:81:cb:cf:bf -85
1,10,d0:03:4b:cc:52:f9 -87
1,10,00:11:50:9f:87:b1 -88
1,10,70:56:81:cd:0c:65 -89
1,10,68:7f:74:4e:6a:f7 -67
1,10,d8:c7:c8:42:27:80 -76
1,10,10:fe:ed:40:a4:25 -74
1,10,10:0d:7f:74:c5:68 -75
1,10,b8:c7:5d:09:08:67 -73
1,10,d8:c7:c8:3d:e8:00 -79
1,10,00:1e:e5:83:01:8f -72
1,10,e0:46:9a:7a:1b:dc -85
1,10,a4:2b:8c:1c:3f:cf -81
1,10,88:1f:a1:3e:ac:f2 -82
1,10,a4:2b:8c:53:b7:78 -82
1,10,00:71:cc:2b:d6:9f -85
1,10,02:27:17:4c:6e:8b -84
1,10,ba:c7:5d:09:08:68 -74
1,10,2c:b0:5d:a0:ca:84 -81
1,10,00:24:6c:06:51:f1 -87
1,10,fc:15:b4:d2:b9:83 -80
1,10,10:0d:7f:81:75:20 -87
1,10,d8:c7:c8:3d:e7:c1 -80
1,10,0 0
1,10,9c:1c:12:e2:73:80 -64
1,10,9c:1c:12:e2:73:83 -68
1,10,9c:1c:12:e2:73:82 -68
1,10,9c:1c:12:e2:74:a3 -64
1,10,9c:1c:12:e2:74:a1 -64
1,10,9c:1c:12:e2:74:a2 -65
1,10,7e:8d:4e:1f:fa:79 -76
1,10,9c:1c:12:bd:03:e3 -64
1,10,9c:1c:12:bd:03:e2 -65
1,10,9c:1c:12:e2:74:a0 -64
1,10,9c:1c:12:e2:73:81 -68
1,10,9c:1c:12:bd:03:e1 -64
1,10,9c:1c:12:bd:03:e0 -64
1,10,d8:c7:c8:3d:e5:c2 -74
1,10,94:b4:0f:a3:7c:20 -78
1,10,20:c9:d0:28:47:f5 -77
1,10,d8:c7:c8:3d:e5:c0 -73
1,10,d8:c7:c8:3d:e5:c1 -74
1,10,94:b4:0f:a3:7c:22 -78
1,10,34:36:3b:c3:0f:44 -90
1,10,94:b4:0f:a3:7c:21 -78
1,10,d0:03:4b:cc:52:f9 -87
1,10,00:11:50:9f:87:b1 -88
1,10,70:56:81:cd:0c:65 -89
1,10,68:7f:74:4e:6a:f7 -67
1,10,d8:c7:c8:42:27:80 -76
1,10,10:fe:ed:40:a4:25 -79
1,10,10:0d:7f:74:c5:68 -81
1,10,b8:c7:5d:09:08:67 -75
1,10,d8:c7:c8:3d:e8:00 -79
1,10,00:1e:e5:83:01:8f -73
1,10,e0:46:9a:7a:1b:dc -84
1,10,a4:2b:8c:1c:3f:cf -81
1,10,88:1f:a1:3e:ac:f2 -82
1,10,a4:2b:8c:53:b7:78 -82
1,10,00:71:cc:2b:d6:9f -85
1,10,02:27:17:4c:6e:8b -80
1,10,ba:c7:5d:09:08:68 -71
1,10,2c:b0:5d:a0:ca:84 -81
1,10,00:24:6c:06:51:f1 -87
1,10,fc:15:b4:d2:b9:83 -80
1,10,10:0d:7f:81:75:20 -87
1,10,d8:c7:c8:3d:e7:c1 -80
1,10,d8:c7:c8:3d:e8:02 -74
1,10,0 0
1,10,9c:1c:12:e2:73:80 -64
1,10,9c:1c:12:e2:73:83 -66
1,10,9c:1c:12:e2:73:82 -65
1,10,9c:1c:12:e2:74:a3 -64
1,10,9c:1c:12:e2:74:a1 -64
1,10,9c:1c:12:e2:74:a2 -65
1,10,7e:8d:4e:1f:fa:79 -76
1,10,9c:1c:12:bd:03:e3 -61
1,10,9c:1c:12:bd:03:e2 -61
1,10,9c:1c:12:e2:74:a0 -64
1,10,9c:1c:12:e2:73:81 -65
1,10,9c:1c:12:bd:03:e1 -62
1,10,9c:1c:12:bd:03:e0 -61
1,10,d8:c7:c8:3d:e5:c2 -74
1,10,94:b4:0f:a3:7c:20 -78
1,10,20:c9:d0:28:47:f5 -77
1,10,d8:c7:c8:3d:e5:c0 -73
1,10,d8:c7:c8:3d:e5:c1 -74
1,10,94:b4:0f:a3:7c:22 -78
1,10,34:36:3b:c3:0f:44 -90
1,10,94:b4:0f:a3:7c:21 -78
1,10,d0:03:4b:cc:52:f9 -87
1,10,00:11:50:9f:87:b1 -88
1,10,70:56:81:cd:0c:65 -89
1,10,68:7f:74:4e:6a:f7 -67
1,10,d8:c7:c8:42:27:80 -76
1,10,10:fe:ed:40:a4:25 -76
1,10,10:0d:7f:74:c5:68 -80
1,10,b8:c7:5d:09:08:67 -79
1,10,d8:c7:c8:3d:e8:00 -78
1,10,00:1e:e5:83:01:8f -72
1,10,e0:46:9a:7a:1b:dc -84
1,10,a4:2b:8c:1c:3f:cf -81
1,10,88:1f:a1:3e:ac:f2 -82
1,10,a4:2b:8c:53:b7:78 -82
1,10,00:71:cc:2b:d6:9f -85
1,10,02:27:17:4c:6e:8b -80
1,10,ba:c7:5d:09:08:68 -79
1,10,2c:b0:5d:a0:ca:84 -81
1,10,00:24:6c:06:51:f1 -87
1,10,fc:15:b4:d2:b9:83 -83
1,10,10:0d:7f:81:75:20 -87
1,10,d8:c7:c8:3d:e7:c1 -80
1,10,d8:c7:c8:3d:e8:02 -77
1,10,d8:c7:c8:3d:e8:01 -79
1,10,0 0
1,10,9c:1c:12:e2:73:80 -66
1,10,9c:1c:12:e2:73:83 -67
1,10,9c:1c:12:e2:73:82 -67
1,10,9c:1c:12:e2:74:a3 -63
1,10,9c:1c:12:e2:74:a1 -63
1,10,9c:1c:12:e2:74:a2 -63
1,10,7e:8d:4e:1f:fa:79 -73
1,10,9c:1c:12:bd:03:e3 -61
1,10,9c:1c:12:bd:03:e2 -61
1,10,9c:1c:12:e2:74:a0 -63
1,10,9c:1c:12:e2:73:81 -67
1,10,9c:1c:12:bd:03:e1 -62
1,10,9c:1c:12:bd:03:e0 -61
1,10,34:36:3b:c3:0f:44 -90
1,10,68:7f:74:4e:6a:f7 -68
1,10,d8:c7:c8:42:27:80 -76
1,10,10:fe:ed:40:a4:25 -76
1,10,10:0d:7f:74:c5:68 -80
1,10,b8:c7:5d:09:08:67 -75
1,10,d8:c7:c8:3d:e8:00 -78
1,10,00:1e:e5:83:01:8f -72
1,10,e0:46:9a:7a:1b:dc -84
1,10,a4:2b:8c:1c:3f:cf -81
1,10,88:1f:a1:3e:ac:f2 -82
1,10,a4:2b:8c:53:b7:78 -86
1,10,00:71:cc:2b:d6:9f -85
1,10,02:27:17:4c:6e:8b -86
1,10,ba:c7:5d:09:08:68 -73
1,10,2c:b0:5d:a0:ca:84 -81
1,10,00:24:6c:06:51:f1 -87
1,10,fc:15:b4:d2:b9:83 -85
1,10,10:0d:7f:81:75:20 -79
1,10,d8:c7:c8:3d:e7:c1 -80
1,10,d8:c7:c8:3d:e8:02 -77
1,10,d8:c7:c8:3d:e8:01 -79
1,10,d8:c7:c8:3d:e7:c2 -72
1,10,d8:c7:c8:3d:e7:c0 -73
1,10,d8:c7:c8:3d:e5:42 -78
1,10,0 0
1,10,9c:1c:12:e2:73:80 -66
1,10,9c:1c:12:e2:73:83 -65
1,10,9c:1c:12:e2:73:82 -65
1,10,9c:1c:12:e2:74:a3 -62
1,10,9c:1c:12:e2:74:a1 -62
1,10,9c:1c:12:e2:74:a2 -63
1,10,7e:8d:4e:1f:fa:79 -73
1,10,9c:1c:12:bd:03:e3 -64
1,10,9c:1c:12:bd:03:e2 -62
1,10,9c:1c:12:e2:74:a0 -62
1,10,9c:1c:12:e2:73:81 -66
1,10,9c:1c:12:bd:03:e1 -63
1,10,9c:1c:12:bd:03:e0 -63
1,10,34:36:3b:c3:0f:44 -90
1,10,68:7f:74:4e:6a:f7 -68
1,10,10:fe:ed:40:a4:25 -77
1,10,10:0d:7f:74:c5:68 -79
1,10,b8:c7:5d:09:08:67 -78
1,10,d8:c7:c8:3d:e8:00 -78
1,10,00:1e:e5:83:01:8f -73
1,10,e0:46:9a:7a:1b:dc -84
1,10,a4:2b:8c:1c:3f:cf -81
1,10,88:1f:a1:3e:ac:f2 -82
1,10,a4:2b:8c:53:b7:78 -86
1,10,00:71:cc:2b:d6:9f -85
1,10,02:27:17:4c:6e:8b -86
1,10,ba:c7:5d:09:08:68 -77
1,10,2c:b0:5d:a0:ca:84 -76
1,10,00:24:6c:06:51:f1 -87
1,10,fc:15:b4:d2:b9:83 -82
1,10,10:0d:7f:81:75:20 -79
1,10,d8:c7:c8:3d:e7:c1 -80
1,10,d8:c7:c8:3d:e8:02 -77
1,10,d8:c7:c8:3d:e8:01 -79
1,10,d8:c7:c8:3d:e7:c2 -74
1,10,d8:c7:c8:3d:e7:c0 -73
1,10,d8:c7:c8:3d:e5:42 -78
1,10,94:b4:0f:a3:7b:80 -79
1,10,12:0d:7f:81:75:21 -82
1,10,0 0
1,10,9c:1c:12:e2:73:80 -66
1,10,9c:1c:12:e2:73:83 -65
1,10,9c:1c:12:e2:73:82 -65
1,10,9c:1c:12:e2:74:a3 -63
1,10,9c:1c:12:e2:74:a1 -62
1,10,9c:1c:12:e2:74:a2 -63
1,10,7e:8d:4e:1f:fa:79 -76
1,10,9c:1c:12:bd:03:e3 -64
1,10,9c:1c:12:bd:03:e2 -63
1,10,9c:1c:12:e2:74:a0 -62
1,10,9c:1c:12:e2:73:81 -66
1,10,9c:1c:12:bd:03:e1 -63
1,10,9c:1c:12:bd:03:e0 -63
1,10,68:7f:74:4e:6a:f7 -69
1,10,10:fe:ed:40:a4:25 -77
1,10,10:0d:7f:74:c5:68 -79
1,10,b8:c7:5d:09:08:67 -79
1,10,d8:c7:c8:3d:e8:00 -78
1,10,00:1e:e5:83:01:8f -73
1,10,e0:46:9a:7a:1b:dc -84
1,10,a4:2b:8c:53:b7:78 -87
1,10,02:27:17:4c:6e:8b -86
1,10,ba:c7:5d:09:08:68 -78
1,10,2c:b0:5d:a0:ca:84 -77
1,10,00:24:6c:06:51:f1 -87
1,10,fc:15:b4:d2:b9:83 -82
1,10,10:0d:7f:81:75:20 -79
1,10,d8:c7:c8:3d:e7:c1 -80
1,10,d8:c7:c8:3d:e8:02 -77
1,10,d8:c7:c8:3d:e8:01 -79
1,10,d8:c7:c8:3d:e7:c2 -74
1,10,d8:c7:c8:3d:e7:c0 -73
1,10,d8:c7:c8:3d:e5:42 -78
1,10,94:b4:0f:a3:7b:80 -79
1,10,12:0d:7f:81:75:21 -82
1,10,24:de:c6:e3:cd:c0 -84
1,10,24:de:c6:e3:cd:c2 -85
1,10,d8:c7:c8:42:2d:22 -85
1,10,00:18:f8:df:67:6b -91
1,10,24:de:c6:e3:cd:c1 -84
1,10,0 0
1,10,9c:1c:12:e2:73:80 -66
1,10,9c:1c:12:e2:73:83 -66
1,10,9c:1c:12:e2:73:82 -65
1,10,9c:1c:12:e2:74:a3 -63
1,10,9c:1c:12:e2:74:a1 -63
1,10,9c:1c:12:e2:74:a2 -63
1,10,7e:8d:4e:1f:fa:79 -77
1,10,9c:1c:12:bd:03:e3 -64
1,10,9c:1c:12:bd:03:e2 -63
1,10,9c:1c:12:e2:74:a0 -63
1,10,9c:1c:12:e2:73:81 -66
1,10,9c:1c:12:bd:03:e1 -63
1,10,9c:1c:12:bd:03:e0 -63
1,10,68:7f:74:4e:6a:f7 -69
1,10,10:fe:ed:40:a4:25 -77
1,10,10:0d:7f:74:c5:68 -79
1,10,b8:c7:5d:09:08:67 -79
1,10,d8:c7:c8:3d:e8:00 -74
1,10,00:1e:e5:83:01:8f -70
1,10,e0:46:9a:7a:1b:dc -84
1,10,a4:2b:8c:53:b7:78 -87
1,10,02:27:17:4c:6e:8b -86
1,10,ba:c7:5d:09:08:68 -78
1,10,2c:b0:5d:a0:ca:84 -76
1,10,00:24:6c:06:51:f1 -87
1,10,fc:15:b4:d2:b9:83 -82
1,10,10:0d:7f:81:75:20 -79
1,10,d8:c7:c8:3d:e7:c1 -80
1,10,d8:c7:c8:3d:e8:02 -74
1,10,d8:c7:c8:3d:e8:01 -75
1,10,d8:c7:c8:3d:e7:c2 -74
1,10,d8:c7:c8:3d:e7:c0 -75
1,10,d8:c7:c8:3d:e5:42 -78
1,10,94:b4:0f:a3:7b:80 -79
1,10,12:0d:7f:81:75:21 -82
1,10,24:de:c6:e3:cd:c0 -84
1,10,24:de:c6:e3:cd:c2 -85
1,10,d8:c7:c8:42:2d:22 -85
1,10,00:18:f8:df:67:6b -91
1,10,24:de:c6:e3:cd:c1 -84
1,10,d8:c7:c8:42:27:80 -72
1,10,d8:c7:c8:42:27:82 -72
1,10,d8:c7:c8:42:2d:20 -83
1,10,d8:c7:c8:42:27:81 -72
1,10,d8:c7:c8:42:2d:21 -83
1,10,0 0
1,10,9c:1c:12:e2:73:80 -66
1,10,9c:1c:12:e2:73:83 -66
1,10,9c:1c:12:e2:73:82 -65
1,10,9c:1c:12:e2:74:a3 -63
1,10,9c:1c:12:e2:74:a1 -63
1,10,9c:1c:12:e2:74:a2 -63
1,10,7e:8d:4e:1f:fa:79 -77
1,10,9c:1c:12:bd:03:e3 -64
1,10,9c:1c:12:bd:03:e2 -63
1,10,9c:1c:12:e2:74:a0 -63
1,10,9c:1c:12:e2:73:81 -66
1,10,9c:1c:12:bd:03:e1 -63
1,10,9c:1c:12:bd:03:e0 -63
1,10,68:7f:74:4e:6a:f7 -69
1,10,10:fe:ed:40:a4:25 -77
1,10,10:0d:7f:74:c5:68 -79
1,10,b8:c7:5d:09:08:67 -79
1,10,d8:c7:c8:3d:e8:00 -74
1,10,00:1e:e5:83:01:8f -70
1,10,e0:46:9a:7a:1b:dc -84
1,10,a4:2b:8c:53:b7:78 -87
1,10,02:27:17:4c:6e:8b -86
1,10,ba:c7:5d:09:08:68 -78
1,10,2c:b0:5d:a0:ca:84 -76
1,10,00:24:6c:06:51:f1 -87
1,10,fc:15:b4:d2:b9:83 -82
1,10,10:0d:7f:81:75:20 -79
1,10,d8:c7:c8:3d:e7:c1 -80
1,10,d8:c7:c8:3d:e8:02 -74
1,10,d8:c7:c8:3d:e8:01 -75
1,10,d8:c7:c8:3d:e7:c2 -74
1,10,d8:c7:c8:3d:e7:c0 -75
1,10,d8:c7:c8:3d:e5:42 -78
1,10,94:b4:0f:a3:7b:80 -79
1,10,12:0d:7f:81:75:21 -82
1,10,24:de:c6:e3:cd:c0 -84
1,10,24:de:c6:e3:cd:c2 -85
1,10,d8:c7:c8:42:2d:22 -85
1,10,00:18:f8:df:67:6b -91
1,10,24:de:c6:e3:cd:c1 -84
1,10,d8:c7:c8:42:27:80 -72
1,10,d8:c7:c8:42:27:82 -72
1,10,d8:c7:c8:42:2d:20 -83
1,10,d8:c7:c8:42:27:81 -72
1,10,d8:c7:c8:42:2d:21 -83
1,10,0 0
1,10,9c:1c:12:e2:73:80 -66
1,10,9c:1c:12:e2:73:83 -66
1,10,9c:1c:12:e2:73:82 -65
1,10,9c:1c:12:e2:74:a3 -64
1,10,9c:1c:12:e2:74:a1 -63
1,10,9c:1c:12:e2:74:a2 -63
1,10,7e:8d:4e:1f:fa:79 -77
1,10,9c:1c:12:bd:03:e3 -64
1,10,9c:1c:12:bd:03:e2 -63
1,10,9c:1c:12:e2:74:a0 -63
1,10,9c:1c:12:e2:73:81 -66
1,10,9c:1c:12:bd:03:e1 -63
1,10,9c:1c:12:bd:03:e0 -63
1,10,68:7f:74:4e:6a:f7 -70
1,10,10:fe:ed:40:a4:25 -78
1,10,10:0d:7f:74:c5:68 -79
1,10,b8:c7:5d:09:08:67 -80
1,10,d8:c7:c8:3d:e8:00 -74
1,10,00:1e:e5:83:01:8f -72
1,10,e0:46:9a:7a:1b:dc -84
1,10,a4:2b:8c:53:b7:78 -88
1,10,02:27:17:4c:6e:8b -86
1,10,ba:c7:5d:09:08:68 -79
1,10,2c:b0:5d:a0:ca:84 -76
1,10,00:24:6c:06:51:f1 -87
1,10,fc:15:b4:d2:b9:83 -82
1,10,10:0d:7f:81:75:20 -79
1,10,d8:c7:c8:3d:e7:c1 -80
1,10,d8:c7:c8:3d:e8:02 -74
1,10,d8:c7:c8:3d:e8:01 -75
1,10,d8:c7:c8:3d:e7:c2 -74
1,10,d8:c7:c8:3d:e7:c0 -76
1,10,d8:c7:c8:3d:e5:42 -78
1,10,94:b4:0f:a3:7b:80 -79
1,10,12:0d:7f:81:75:21 -82
1,10,24:de:c6:e3:cd:c0 -84
1,10,24:de:c6:e3:cd:c2 -85
1,10,d8:c7:c8:42:2d:22 -85
1,10,00:18:f8:df:67:6b -91
1,10,24:de:c6:e3:cd:c1 -84
1,10,d8:c7:c8:42:27:80 -73
1,10,d8:c7:c8:42:27:82 -74
1,10,d8:c7:c8:42:2d:20 -83
1,10,d8:c7:c8:42:27:81 -73
1,10,d8:c7:c8:42:2d:21 -83
1,10,0 0
1,10,9c:1c:12:e2:73:80 -66
1,10,9c:1c:12:e2:73:83 -66
1,10,9c:1c:12:e2:73:82 -65
1,10,9c:1c:12:e2:74:a3 -63
1,10,9c:1c:12:e2:74:a1 -63
1,10,9c:1c:12:e2:74:a2 -62
1,10,7e:8d:4e:1f:fa:79 -74
1,10,9c:1c:12:bd:03:e3 -64
1,10,9c:1c:12:bd:03:e2 -63
1,10,9c:1c:12:e2:74:a0 -63
1,10,9c:1c:12:e2:73:81 -66
1,10,9c:1c:12:bd:03:e1 -63
1,10,9c:1c:12:bd:03:e0 -63
1,10,68:7f:74:4e:6a:f7 -70
1,10,10:fe:ed:40:a4:25 -78
1,10,10:0d:7f:74:c5:68 -78
1,10,b8:c7:5d:09:08:67 -80
1,10,d8:c7:c8:3d:e8:00 -75
1,10,00:1e:e5:83:01:8f -73
1,10,e0:46:9a:7a:1b:dc -84
1,10,a4:2b:8c:53:b7:78 -88
1,10,02:27:17:4c:6e:8b -87
1,10,ba:c7:5d:09:08:68 -79
1,10,2c:b0:5d:a0:ca:84 -76
1,10,fc:15:b4:d2:b9:83 -82
1,10,10:0d:7f:81:75:20 -81
1,10,d8:c7:c8:3d:e7:c1 -80
1,10,d8:c7:c8:3d:e8:02 -75
1,10,d8:c7:c8:3d:e8:01 -75
1,10,d8:c7:c8:3d:e7:c2 -74
1,10,d8:c7:c8:3d:e7:c0 -76
1,10,d8:c7:c8:3d:e5:42 -78
1,10,94:b4:0f:a3:7b:80 -79
1,10,12:0d:7f:81:75:21 -82
1,10,24:de:c6:e3:cd:c0 -84
1,10,24:de:c6:e3:cd:c2 -85
1,10,d8:c7:c8:42:2d:22 -85
1,10,00:18:f8:df:67:6b -91
1,10,24:de:c6:e3:cd:c1 -84
1,10,d8:c7:c8:42:27:80 -73
1,10,d8:c7:c8:42:27:82 -74
1,10,d8:c7:c8:42:2d:20 -83
1,10,d8:c7:c8:42:27:81 -73
1,10,d8:c7:c8:42:2d:21 -83
1,10,0 0
1,10,9c:1c:12:e2:73:80 -68
1,10,9c:1c:12:e2:73:83 -66
1,10,9c:1c:12:e2:73:82 -67
1,10,9c:1c:12:e2:74:a3 -63
1,10,9c:1c:12:e2:74:a1 -63
1,10,9c:1c:12:e2:74:a2 -62
1,10,7e:8d:4e:1f:fa:79 -75
1,10,9c:1c:12:bd:03:e3 -64
1,10,9c:1c:12:bd:03:e2 -63
1,10,9c:1c:12:e2:74:a0 -62
1,10,9c:1c:12:e2:73:81 -67
1,10,9c:1c:12:bd:03:e1 -63
1,10,9c:1c:12:bd:03:e0 -63
1,10,68:7f:74:4e:6a:f7 -70
1,10,10:fe:ed:40:a4:25 -78
1,10,10:0d:7f:74:c5:68 -78
1,10,b8:c7:5d:09:08:67 -80
1,10,d8:c7:c8:3d:e8:00 -74
1,10,00:1e:e5:83:01:8f -75
1,10,e0:46:9a:7a:1b:dc -84
1,10,a4:2b:8c:53:b7:78 -89
1,10,02:27:17:4c:6e:8b -87
1,10,ba:c7:5d:09:08:68 -80
1,10,2c:b0:5d:a0:ca:84 -77
1,10,fc:15:b4:d2:b9:83 -82
1,10,10:0d:7f:81:75:20 -81
1,10,d8:c7:c8:3d:e8:02 -75
1,10,d8:c7:c8:3d:e8:01 -75
1,10,d8:c7:c8:3d:e7:c2 -74
1,10,d8:c7:c8:3d:e7:c0 -76
1,10,d8:c7:c8:3d:e5:42 -78
1,10,94:b4:0f:a3:7b:80 -79
1,10,12:0d:7f:81:75:21 -82
1,10,24:de:c6:e3:cd:c0 -84
1,10,24:de:c6:e3:cd:c2 -85
1,10,d8:c7:c8:42:2d:22 -85
1,10,00:18:f8:df:67:6b -91
1,10,24:de:c6:e3:cd:c1 -84
1,10,d8:c7:c8:42:27:80 -73
1,10,d8:c7:c8:42:27:82 -74
1,10,d8:c7:c8:42:2d:20 -83
1,10,d8:c7:c8:42:27:81 -73
1,10,d8:c7:c8:42:2d:21 -83
1,10,c0:ff:d4:87:11:7c -80
1,10,0 0
1,10,9c:1c:12:e2:73:80 -68
1,10,9c:1c:12:e2:73:83 -66
1,10,9c:1c:12:e2:73:82 -67
1,10,9c:1c:12:e2:74:a3 -62
1,10,9c:1c:12:e2:74:a1 -62
1,10,9c:1c:12:e2:74:a2 -62
1,10,7e:8d:4e:1f:fa:79 -75
1,10,9c:1c:12:bd:03:e3 -63
1,10,9c:1c:12:bd:03:e2 -63
1,10,9c:1c:12:e2:74:a0 -62
1,10,9c:1c:12:e2:73:81 -67
1,10,9c:1c:12:bd:03:e1 -63
1,10,9c:1c:12:bd:03:e0 -63
1,10,68:7f:74:4e:6a:f7 -70
1,10,10:fe:ed:40:a4:25 -77
1,10,10:0d:7f:74:c5:68 -74
1,10,b8:c7:5d:09:08:67 -79
1,10,d8:c7:c8:3d:e8:00 -78
1,10,00:1e:e5:83:01:8f -75
1,10,a4:2b:8c:53:b7:78 -90
1,10,02:27:17:4c:6e:8b -88
1,10,ba:c7:5d:09:08:68 -80
1,10,2c:b0:5d:a0:ca:84 -78
1,10,fc:15:b4:d2:b9:83 -82
1,10,10:0d:7f:81:75:20 -81
1,10,d8:c7:c8:3d:e8:02 -75
1,10,d8:c7:c8:3d:e8:01 -76
1,10,d8:c7:c8:3d:e7:c2 -74
1,10,d8:c7:c8:3d:e7:c0 -76
1,10,d8:c7:c8:3d:e5:42 -78
1,10,94:b4:0f:a3:7b:80 -79
1,10,12:0d:7f:81:75:21 -82
1,10,24:de:c6:e3:cd:c0 -84
1,10,24:de:c6:e3:cd:c2 -85
1,10,d8:c7:c8:42:2d:22 -85
1,10,00:18:f8:df:67:6b -91
1,10,24:de:c6:e3:cd:c1 -84
1,10,d8:c7:c8:42:27:80 -73
1,10,d8:c7:c8:42:27:82 -74
1,10,d8:c7:c8:42:2d:20 -83
1,10,d8:c7:c8:42:27:81 -73
1,10,d8:c7:c8:42:2d:21 -83
1,10,c0:ff:d4:87:11:7c -80
1,10,d8:c7:c8:42:21:e0 -80
1,10,00:24:36:a4:eb:1b -87
1,10,0 0
1,10,9c:1c:12:e2:73:80 -68
1,10,9c:1c:12:e2:73:83 -66
1,10,9c:1c:12:e2:73:82 -67
1,10,9c:1c:12:e2:74:a3 -62
1,10,9c:1c:12:e2:74:a1 -62
1,10,9c:1c:12:e2:74:a2 -62
1,10,7e:8d:4e:1f:fa:79 -75
1,10,9c:1c:12:bd:03:e3 -63
1,10,9c:1c:12:bd:03:e2 -63
1,10,9c:1c:12:e2:74:a0 -62
1,10,9c:1c:12:e2:73:81 -67
1,10,9c:1c:12:bd:03:e1 -63
1,10,9c:1c:12:bd:03:e0 -63
1,10,68:7f:74:4e:6a:f7 -70
1,10,10:fe:ed:40:a4:25 -77
1,10,10:0d:7f:74:c5:68 -74
1,10,b8:c7:5d:09:08:67 -79
1,10,d8:c7:c8:3d:e8:00 -78
1,10,00:1e:e5:83:01:8f -75
1,10,a4:2b:8c:53:b7:78 -90
1,10,02:27:17:4c:6e:8b -88
1,10,ba:c7:5d:09:08:68 -80
1,10,2c:b0:5d:a0:ca:84 -78
1,10,fc:15:b4:d2:b9:83 -82
1,10,10:0d:7f:81:75:20 -81
1,10,d8:c7:c8:3d:e8:02 -75
1,10,d8:c7:c8:3d:e8:01 -76
1,10,d8:c7:c8:3d:e7:c2 -74
1,10,d8:c7:c8:3d:e7:c0 -76
1,10,d8:c7:c8:3d:e5:42 -78
1,10,94:b4:0f:a3:7b:80 -79
1,10,12:0d:7f:81:75:21 -82
1,10,24:de:c6:e3:cd:c0 -84
1,10,24:de:c6:e3:cd:c2 -85
1,10,d8:c7:c8:42:2d:22 -85
1,10,00:18:f8:df:67:6b -91
1,10,24:de:c6:e3:cd:c1 -84
1,10,d8:c7:c8:42:27:80 -73
1,10,d8:c7:c8:42:27:82 -74
1,10,d8:c7:c8:42:2d:20 -83
1,10,d8:c7:c8:42:27:81 -73
1,10,d8:c7:c8:42:2d:21 -83
1,10,c0:ff:d4:87:11:7c -80
1,10,d8:c7:c8:42:21:e0 -80
1,10,00:24:36:a4:eb:1b -87
1,10,0 0
1,10,9c:1c:12:e2:73:80 -68
1,10,9c:1c:12:e2:73:83 -67
1,10,9c:1c:12:e2:73:82 -67
1,10,9c:1c:12:e2:74:a3 -62
1,10,9c:1c:12:e2:74:a1 -62
1,10,9c:1c:12:e2:74:a2 -61
1,10,7e:8d:4e:1f:fa:79 -75
1,10,9c:1c:12:bd:03:e3 -63
1,10,9c:1c:12:bd:03:e2 -63
1,10,9c:1c:12:e2:74:a0 -62
1,10,9c:1c:12:e2:73:81 -67
1,10,9c:1c:12:bd:03:e1 -62
1,10,9c:1c:12:bd:03:e0 -61
1,10,68:7f:74:4e:6a:f7 -69
1,10,10:fe:ed:40:a4:25 -76
1,10,10:0d:7f:74:c5:68 -77
1,10,b8:c7:5d:09:08:67 -81
1,10,d8:c7:c8:3d:e8:00 -78
1,10,00:1e:e5:83:01:8f -73
1,10,a4:2b:8c:53:b7:78 -89
1,10,02:27:17:4c:6e:8b -88
1,10,ba:c7:5d:09:08:68 -80
1,10,2c:b0:5d:a0:ca:84 -79
1,10,fc:15:b4:d2:b9:83 -82
1,10,10:0d:7f:81:75:20 -81
1,10,d8:c7:c8:3d:e8:02 -75
1,10,d8:c7:c8:3d:e8:01 -76
1,10,d8:c7:c8:3d:e7:c2 -74
1,10,d8:c7:c8:3d:e7:c0 -76
1,10,94:b4:0f:a3:7b:80 -79
1,10,12:0d:7f:81:75:21 -82
1,10,24:de:c6:e3:cd:c0 -84
1,10,24:de:c6:e3:cd:c2 -85
1,10,d8:c7:c8:42:2d:22 -85
1,10,00:18:f8:df:67:6b -91
1,10,24:de:c6:e3:cd:c1 -84
1,10,d8:c7:c8:42:27:80 -73
1,10,d8:c7:c8:42:27:82 -74
1,10,d8:c7:c8:42:2d:20 -83
1,10,d8:c7:c8:42:27:81 -73
1,10,d8:c7:c8:42:2d:21 -83
1,10,c0:ff:d4:87:11:7c -80
1,10,d8:c7:c8:42:21:e0 -80
1,10,00:24:36:a4:eb:1b -87
1,10,0 0
1,10,1 0
1,10,9c:1c:12:e2:73:80 -68
1,10,9c:1c:12:e2:73:83 -69
1,10,9c:1c:12:e2:73:82 -69
1,10,9c:1c:12:e2:74:a3 -62
1,10,9c:1c:12:e2:74:a1 -62
1,10,9c:1c:12:e2:74:a2 -61
1,10,7e:8d:4e:1f:fa:79 -78
1,10,9c:1c:12:bd:03:e3 -63
1,10,9c:1c:12:bd:03:e2 -63
1,10,9c:1c:12:e2:74:a0 -62
1,10,9c:1c:12:e2:73:81 -68
1,10,9c:1c:12:bd:03:e1 -62
1,10,9c:1c:12:bd:03:e0 -62
1,10,68:7f:74:4e:6a:f7 -71
1,10,10:fe:ed:40:a4:25 -76
1,10,10:0d:7f:74:c5:68 -77
1,10,b8:c7:5d:09:08:67 -81
1,10,d8:c7:c8:3d:e8:00 -76
1,10,00:1e:e5:83:01:8f -73
1,10,a4:2b:8c:53:b7:78 -89
1,10,02:27:17:4c:6e:8b -88
1,10,ba:c7:5d:09:08:68 -80
1,10,2c:b0:5d:a0:ca:84 -79
1,10,10:0d:7f:81:75:20 -81
1,10,d8:c7:c8:3d:e8:02 -75
1,10,d8:c7:c8:3d:e8:01 -76
1,10,d8:c7:c8:3d:e7:c0 -76
1,10,12:0d:7f:81:75:21 -82
1,10,24:de:c6:e3:cd:c0 -84
1,10,24:de:c6:e3:cd:c2 -85
1,10,d8:c7:c8:42:2d:22 -85
1,10,00:18:f8:df:67:6b -91
1,10,24:de:c6:e3:cd:c1 -84
1,10,d8:c7:c8:42:27:80 -73
1,10,d8:c7:c8:42:27:82 -73
1,10,d8:c7:c8:42:2d:20 -83
1,10,d8:c7:c8:42:27:81 -74
1,10,d8:c7:c8:42:2d:21 -83
1,10,c0:ff:d4:87:11:7c -80
1,10,d8:c7:c8:42:21:e0 -80
1,10,00:24:36:a4:eb:1b -87
1,10,d8:c7:c8:3d:e5:c2 -83
1,10,d8:c7:c8:3d:e5:c1 -82
1,10,0 0
1,10,9c:1c:12:e2:73:80 -64
1,10,9c:1c:12:e2:73:83 -66
1,10,9c:1c:12:e2:73:82 -67
1,10,9c:1c:12:e2:74:a3 -63
1,10,9c:1c:12:e2:74:a1 -63
1,10,9c:1c:12:e2:74:a2 -62
1,10,7e:8d:4e:1f:fa:79 -78
1,10,9c:1c:12:bd:03:e3 -62
1,10,9c:1c:12:bd:03:e2 -62
1,10,9c:1c:12:e2:74:a0 -62
1,10,9c:1c:12:e2:73:81 -67
1,10,9c:1c:12:bd:03:e1 -62
1,10,9c:1c:12:bd:03:e0 -62
1,10,68:7f:74:4e:6a:f7 -72
1,10,10:fe:ed:40:a4:25 -76
1,10,10:0d:7f:74:c5:68 -73
1,10,b8:c7:5d:09:08:67 -81
1,10,d8:c7:c8:3d:e8:00 -76
1,10,00:1e:e5:83:01:8f -78
1,10,a4:2b:8c:53:b7:78 -89
1,10,02:27:17:4c:6e:8b -88
1,10,ba:c7:5d:09:08:68 -79
1,10,2c:b0:5d:a0:ca:84 -75
1,10,10:0d:7f:81:75:20 -81
1,10,d8:c7:c8:3d:e8:02 -75
1,10,d8:c7:c8:3d:e8:01 -76
1,10,d8:c7:c8:3d:e7:c0 -76
1,10,12:0d:7f:81:75:21 -82
1,10,d8:c7:c8:42:27:80 -73
1,10,d8:c7:c8:42:27:82 -73
1,10,d8:c7:c8:42:2d:20 -83
1,10,d8:c7:c8:42:27:81 -74
1,10,d8:c7:c8:42:2d:21 -83
1,10,c0:ff:d4:87:11:7c -80
1,10,d8:c7:c8:42:21:e0 -80
1,10,00:24:36:a4:eb:1b -87
1,10,d8:c7:c8:3d:e5:c2 -83
1,10,d8:c7:c8:3d:e5:c1 -82
1,10,d8:c7:c8:3d:e7:c2 -79
1,10,34:36:3b:c3:0f:44 -80
1,10,10:fe:ed:50:0b:b8 -81
1,10,58:6d:8f:1f:6c:30 -89
1,10,0 0
1,10,9c:1c:12:e2:73:80 -64
1,10,9c:1c:12:e2:73:83 -65
1,10,9c:1c:12:e2:73:82 -65
1,10,9c:1c:12:e2:74:a3 -67
1,10,9c:1c:12:e2:74:a1 -67
1,10,9c:1c:12:e2:74:a2 -66
1,10,7e:8d:4e:1f:fa:79 -82
1,10,9c:1c:12:bd:03:e3 -61
1,10,9c:1c:12:bd:03:e2 -61
1,10,9c:1c:12:e2:74:a0 -66
1,10,9c:1c:12:e2:73:81 -65
1,10,9c:1c:12:bd:03:e1 -61
1,10,9c:1c:12:bd:03:e0 -61
1,10,68:7f:74:4e:6a:f7 -76
1,10,10:fe:ed:40:a4:25 -76
1,10,10:0d:7f:74:c5:68 -78
1,10,b8:c7:5d:09:08:67 -81
1,10,d8:c7:c8:3d:e8:00 -76
1,10,00:1e:e5:83:01:8f -78
1,10,a4:2b:8c:53:b7:78 -88
1,10,02:27:17:4c:6e:8b -87
1,10,ba:c7:5d:09:08:68 -79
1,10,2c:b0:5d:a0:ca:84 -74
1,10,d8:c7:c8:3d:e8:01 -76
1,10,12:0d:7f:81:75:21 -82
1,10,d8:c7:c8:42:27:80 -73
1,10,d8:c7:c8:42:27:82 -73
1,10,d8:c7:c8:42:27:81 -74
1,10,d8:c7:c8:3d:e5:c2 -83
1,10,d8:c7:c8:3d:e5:c1 -82
1,10,d8:c7:c8:3d:e7:c2 -79
1,10,34:36:3b:c3:0f:44 -81
1,10,10:fe:ed:50:0b:b8 -81
1,10,58:6d:8f:1f:6c:30 -89
1,10,94:b4:0f:a3:7b:80 -84
1,10,0 0
1,10,9c:1c:12:e2:73:80 -64
1,10,9c:1c:12:e2:73:83 -65
1,10,9c:1c:12:e2:73:82 -65
1,10,9c:1c:12:e2:74:a3 -67
1,10,9c:1c:12:e2:74:a1 -67
1,10,9c:1c:12:e2:74:a2 -66
1,10,7e:8d:4e:1f:fa:79 -82
1,10,9c:1c:12:bd:03:e3 -61
1,10,9c:1c:12:bd:03:e2 -61
1,10,9c:1c:12:e2:74:a0 -66
1,10,9c:1c:12:e2:73:81 -65
1,10,9c:1c:12:bd:03:e1 -61
1,10,9c:1c:12:bd:03:e0 -61
1,10,68:7f:74:4e:6a:f7 -76
1,10,10:fe:ed:40:a4:25 -76
1,10,10:0d:7f:74:c5:68 -78
1,10,b8:c7:5d:09:08:67 -81
1,10,d8:c7:c8:3d:e8:00 -76
1,10,00:1e:e5:83:01:8f -78
1,10,a4:2b:8c:53:b7:78 -88
1,10,02:27:17:4c:6e:8b -87
1,10,ba:c7:5d:09:08:68 -79
1,10,2c:b0:5d:a0:ca:84 -74
1,10,d8:c7:c8:3d:e8:01 -76
1,10,12:0d:7f:81:75:21 -82
1,10,d8:c7:c8:42:27:80 -73
1,10,d8:c7:c8:42:27:82 -73
1,10,d8:c7:c8:42:27:81 -74
1,10,d8:c7:c8:3d:e5:c2 -83
1,10,d8:c7:c8:3d:e5:c1 -82
1,10,d8:c7:c8:3d:e7:c2 -79
1,10,34:36:3b:c3:0f:44 -81
1,10,10:fe:ed:50:0b:b8 -81
1,10,58:6d:8f:1f:6c:30 -89
1,10,94:b4:0f:a3:7b:80 -84
1,10,0 0
1,10,9c:1c:12:e2:73:80 -64
1,10,9c:1c:12:e2:73:83 -65
1,10,9c:1c:12:e2:73:82 -65
1,10,9c:1c:12:e2:74:a3 -63
1,10,9c:1c:12:e2:74:a1 -63
1,10,9c:1c:12:e2:74:a2 -63
1,10,7e:8d:4e:1f:fa:79 -76
1,10,9c:1c:12:bd:03:e3 -64
1,10,9c:1c:12:bd:03:e2 -65
1,10,9c:1c:12:e2:74:a0 -62
1,10,9c:1c:12:e2:73:81 -65
1,10,9c:1c:12:bd:03:e1 -63
1,10,9c:1c:12:bd:03:e0 -65
1,10,68:7f:74:4e:6a:f7 -77
1,10,10:fe:ed:40:a4:25 -76
1,10,10:0d:7f:74:c5:68 -74
1,10,b8:c7:5d:09:08:67 -76
1,10,d8:c7:c8:3d:e8:00 -76
1,10,00:1e:e5:83:01:8f -80
1,10,a4:2b:8c:53:b7:78 -84
1,10,02:27:17:4c:6e:8b -87
1,10,ba:c7:5d:09:08:68 -76
1,10,2c:b0:5d:a0:ca:84 -79
1,10,d8:c7:c8:3d:e8:01 -76
1,10,12:0d:7f:81:75:21 -82
1,10,d8:c7:c8:42:27:80 -73
1,10,d8:c7:c8:42:27:82 -73
1,10,d8:c7:c8:42:27:81 -74
1,10,d8:c7:c8:3d:e5:c2 -83
1,10,d8:c7:c8:3d:e5:c1 -82
1,10,d8:c7:c8:3d:e7:c2 -77
1,10,34:36:3b:c3:0f:44 -81
1,10,10:fe:ed:50:0b:b8 -81
1,10,58:6d:8f:1f:6c:30 -89
1,10,94:b4:0f:a3:7b:80 -84
1,10,d8:c7:c8:3d:e8:02 -76
1,10,d8:c7:c8:3d:e7:c0 -77
1,10,d8:c7:c8:3d:e7:c1 -77
1,10,0 0
1,10,9c:1c:12:e2:73:80 -64
1,10,9c:1c:12:e2:73:83 -63
1,10,9c:1c:12:e2:73:82 -63
1,10,9c:1c:12:e2:74:a3 -60
1,10,9c:1c:12:e2:74:a1 -60
1,10,9c:1c:12:e2:74:a2 -60
1,10,7e:8d:4e:1f:fa:79 -76
1,10,9c:1c:12:bd:03:e3 -68
1,10,9c:1c:12:bd:03:e2 -69
1,10,9c:1c:12:e2:74:a0 -60
1,10,9c:1c:12:e2:73:81 -63
1,10,9c:1c:12:bd:03:e1 -68
1,10,9c:1c:12:bd:03:e0 -65
1,10,68:7f:74:4e:6a:f7 -77
1,10,10:fe:ed:40:a4:25 -85
1,10,10:0d:7f:74:c5:68 -73
1,10,b8:c7:5d:09:08:67 -75
1,10,d8:c7:c8:3d:e8:00 -76
1,10,00:1e:e5:83:01:8f -80
1,10,a4:2b:8c:53:b7:78 -84
1,10,02:27:17:4c:6e:8b -87
1,10,ba:c7:5d:09:08:68 -73
1,10,2c:b0:5d:a0:ca:84 -79
1,10,d8:c7:c8:3d:e8:01 -76
1,10,12:0d:7f:81:75:21 -87
1,10,d8:c7:c8:42:27:80 -73
1,10,d8:c7:c8:42:27:82 -73
1,10,d8:c7:c8:42:27:81 -74
1,10,d8:c7:c8:3d:e5:c2 -83
1,10,d8:c7:c8:3d:e5:c1 -82
1,10,d8:c7:c8:3d:e7:c2 -77
1,10,34:36:3b:c3:0f:44 -81
1,10,10:fe:ed:50:0b:b8 -81
1,10,58:6d:8f:1f:6c:30 -89
1,10,94:b4:0f:a3:7b:80 -84
1,10,d8:c7:c8:3d:e8:02 -76
1,10,d8:c7:c8:3d:e7:c0 -77
1,10,d8:c7:c8:3d:e7:c1 -77
1,10,0 0
1,10,9c:1c:12:e2:73:80 -64
1,10,9c:1c:12:e2:73:83 -63
1,10,9c:1c:12:e2:73:82 -63
1,10,9c:1c:12:e2:74:a3 -60
1,10,9c:1c:12:e2:74:a1 -60
1,10,9c:1c:12:e2:74:a2 -60
1,10,7e:8d:4e:1f:fa:79 -76
1,10,9c:1c:12:bd:03:e3 -68
1,10,9c:1c:12:bd:03:e2 -69
1,10,9c:1c:12:e2:74:a0 -60
1,10,9c:1c:12:e2:73:81 -63
1,10,9c:1c:12:bd:03:e1 -68
1,10,9c:1c:12:bd:03:e0 -65
1,10,68:7f:74:4e:6a:f7 -77
1,10,10:fe:ed:40:a4:25 -85
1,10,10:0d:7f:74:c5:68 -73
1,10,b8:c7:5d:09:08:67 -75
1,10,d8:c7:c8:3d:e8:00 -76
1,10,00:1e:e5:83:01:8f -80
1,10,a4:2b:8c:53:b7:78 -84
1,10,02:27:17:4c:6e:8b -87
1,10,ba:c7:5d:09:08:68 -73
1,10,2c:b0:5d:a0:ca:84 -79
1,10,d8:c7:c8:3d:e8:01 -76
1,10,12:0d:7f:81:75:21 -87
1,10,d8:c7:c8:42:27:80 -73
1,10,d8:c7:c8:42:27:82 -73
1,10,d8:c7:c8:42:27:81 -74
1,10,d8:c7:c8:3d:e5:c2 -83
1,10,d8:c7:c8:3d:e5:c1 -82
1,10,d8:c7:c8:3d:e7:c2 -77
1,10,34:36:3b:c3:0f:44 -81
1,10,10:fe:ed:50:0b:b8 -81
1,10,58:6d:8f:1f:6c:30 -89
1,10,94:b4:0f:a3:7b:80 -84
1,10,d8:c7:c8:3d:e8:02 -76
1,10,d8:c7:c8:3d:e7:c0 -77
1,10,d8:c7:c8:3d:e7:c1 -77
1,10,0 0
1,10,9c:1c:12:e2:73:80 -64
1,10,9c:1c:12:e2:73:83 -63
1,10,9c:1c:12:e2:73:82 -63
1,10,9c:1c:12:e2:74:a3 -61
1,10,9c:1c:12:e2:74:a1 -61
1,10,9c:1c:12:e2:74:a2 -61
1,10,7e:8d:4e:1f:fa:79 -74
1,10,9c:1c:12:bd:03:e3 -68
1,10,9c:1c:12:bd:03:e2 -68
1,10,9c:1c:12:e2:74:a0 -61
1,10,9c:1c:12:e2:73:81 -63
1,10,9c:1c:12:bd:03:e1 -68
1,10,9c:1c:12:bd:03:e0 -66
1,10,68:7f:74:4e:6a:f7 -77
1,10,10:fe:ed:40:a4:25 -80
1,10,10:0d:7f:74:c5:68 -74
1,10,b8:c7:5d:09:08:67 -75
1,10,d8:c7:c8:3d:e8:00 -76
1,10,00:1e:e5:83:01:8f -74
1,10,a4:2b:8c:53:b7:78 -86
1,10,02:27:17:4c:6e:8b -86
1,10,ba:c7:5d:09:08:68 -76
1,10,2c:b0:5d:a0:ca:84 -79
1,10,d8:c7:c8:3d:e8:01 -76
1,10,12:0d:7f:81:75:21 -87
1,10,d8:c7:c8:42:27:80 -73
1,10,d8:c7:c8:42:27:82 -73
1,10,d8:c7:c8:42:27:81 -74
1,10,d8:c7:c8:3d:e5:c2 -83
1,10,d8:c7:c8:3d:e5:c1 -82
1,10,d8:c7:c8:3d:e7:c2 -77
1,10,34:36:3b:c3:0f:44 -85
1,10,10:fe:ed:50:0b:b8 -81
1,10,58:6d:8f:1f:6c:30 -89
1,10,94:b4:0f:a3:7b:80 -84
1,10,d8:c7:c8:3d:e8:02 -76
1,10,d8:c7:c8:3d:e7:c0 -77
1,10,d8:c7:c8:3d:e7:c1 -77
1,10,d8:c7:c8:3d:e7:e2 -84
1,10,d8:c7:c8:42:1f:81 -84
1,10,0 0
1,10,9c:1c:12:e2:73:80 -64
1,10,9c:1c:12:e2:73:83 -63
1,10,9c:1c:12:e2:73:82 -63
1,10,9c:1c:12:e2:74:a3 -60
1,10,9c:1c:12:e2:74:a1 -59
1,10,9c:1c:12:e2:74:a2 -60
1,10,7e:8d:4e:1f:fa:79 -74
1,10,9c:1c:12:bd:03:e3 -64
1,10,9c:1c:12:bd:03:e2 -64
1,10,9c:1c:12:e2:74:a0 -59
1,10,9c:1c:12:e2:73:81 -63
1,10,9c:1c:12:bd:03:e1 -64
1,10,9c:1c:12:bd:03:e0 -65
1,10,68:7f:74:4e:6a:f7 -77
1,10,10:fe:ed:40:a4:25 -81
1,10,10:0d:7f:74:c5:68 -74
1,10,b8:c7:5d:09:08:67 -74
1,10,d8:c7:c8:3d:e8:00 -76
1,10,00:1e:e5:83:01:8f -74
1,10,a4:2b:8c:53:b7:78 -82
1,10,02:27:17:4c:6e:8b -87
1,10,ba:c7:5d:09:08:68 -75
1,10,2c:b0:5d:a0:ca:84 -79
1,10,d8:c7:c8:3d:e8:01 -76
1,10,12:0d:7f:81:75:21 -87
1,10,d8:c7:c8:42:27:80 -73
1,10,d8:c7:c8:42:27:82 -73
1,10,d8:c7:c8:42:27:81 -74
1,10,d8:c7:c8:3d:e5:c2 -75
1,10,d8:c7:c8:3d:e5:c1 -76
1,10,d8:c7:c8:3d:e7:c2 -76
1,10,34:36:3b:c3:0f:44 -85
1,10,10:fe:ed:50:0b:b8 -81
1,10,58:6d:8f:1f:6c:30 -89
1,10,94:b4:0f:a3:7b:80 -84
1,10,d8:c7:c8:3d:e8:02 -76
1,10,d8:c7:c8:3d:e7:c0 -77
1,10,d8:c7:c8:3d:e7:c1 -77
1,10,d8:c7:c8:3d:e7:e2 -84
1,10,d8:c7:c8:42:1f:81 -84
1,10,d8:c7:c8:3d:e5:c0 -75
1,10,00:18:f8:df:67:6b -87
1,10,0 0
1,10,9c:1c:12:e2:73:80 -64
1,10,9c:1c:12:e2:73:83 -63
1,10,9c:1c:12:e2:73:82 -63
1,10,9c:1c:12:e2:74:a3 -60
1,10,9c:1c:12:e2:74:a1 -60
1,10,9c:1c:12:e2:74:a2 -60
1,10,7e:8d:4e:1f:fa:79 -78
1,10,9c:1c:12:bd:03:e3 -64
1,10,9c:1c:12:bd:03:e2 -63
1,10,9c:1c:12:e2:74:a0 -60
1,10,9c:1c:12:e2:73:81 -63
1,10,9c:1c:12:bd:03:e1 -64
1,10,9c:1c:12:bd:03:e0 -64
1,10,68:7f:74:4e:6a:f7 -69
1,10,10:fe:ed:40:a4:25 -81
1,10,10:0d:7f:74:c5:68 -75
1,10,b8:c7:5d:09:08:67 -75
1,10,d8:c7:c8:3d:e8:00 -76
1,10,00:1e:e5:83:01:8f -76
1,10,a4:2b:8c:53:b7:78 -85
1,10,02:27:17:4c:6e:8b -87
1,10,ba:c7:5d:09:08:68 -75
1,10,2c:b0:5d:a0:ca:84 -79
1,10,d8:c7:c8:3d:e8:01 -76
1,10,12:0d:7f:81:75:21 -87
1,10,d8:c7:c8:42:27:80 -83
1,10,d8:c7:c8:42:27:82 -82
1,10,d8:c7:c8:42:27:81 -74
1,10,d8:c7:c8:3d:e5:c2 -75
1,10,d8:c7:c8:3d:e5:c1 -76
1,10,d8:c7:c8:3d:e7:c2 -76
1,10,34:36:3b:c3:0f:44 -85
1,10,10:fe:ed:50:0b:b8 -81
1,10,58:6d:8f:1f:6c:30 -89
1,10,94:b4:0f:a3:7b:80 -84
1,10,d8:c7:c8:3d:e8:02 -76
1,10,d8:c7:c8:3d:e7:c0 -77
1,10,d8:c7:c8:3d:e7:c1 -77
1,10,d8:c7:c8:3d:e7:e2 -84
1,10,d8:c7:c8:42:1f:81 -84
1,10,d8:c7:c8:3d:e5:c0 -75
1,10,00:18:f8:df:67:6b -88
1,10,d8:c7:c8:42:2d:20 -79
1,10,d8:c7:c8:3d:e5:40 -84
1,10,d8:c7:c8:3d:e5:41 -83
1,10,0 0
1,10,9c:1c:12:e2:73:80 -64
1,10,9c:1c:12:e2:73:83 -63
1,10,9c:1c:12:e2:73:82 -63
1,10,9c:1c:12:e2:74:a3 -61
1,10,9c:1c:12:e2:74:a1 -60
1,10,9c:1c:12:e2:74:a2 -61
1,10,7e:8d:4e:1f:fa:79 -78
1,10,9c:1c:12:bd:03:e3 -64
1,10,9c:1c:12:bd:03:e2 -63
1,10,9c:1c:12:e2:74:a0 -60
1,10,9c:1c:12:e2:73:81 -63
1,10,9c:1c:12:bd:03:e1 -64
1,10,9c:1c:12:bd:03:e0 -64
1,10,68:7f:74:4e:6a:f7 -64
1,10,10:fe:ed:40:a4:25 -81
1,10,10:0d:7f:74:c5:68 -75
1,10,b8:c7:5d:09:08:67 -77
1,10,d8:c7:c8:3d:e8:00 -77
1,10,00:1e:e5:83:01:8f -76
1,10,a4:2b:8c:53:b7:78 -85
1,10,02:27:17:4c:6e:8b -87
1,10,ba:c7:5d:09:08:68 -75
1,10,2c:b0:5d:a0:ca:84 -83
1,10,d8:c7:c8:3d:e8:01 -77
1,10,12:0d:7f:81:75:21 -87
1,10,d8:c7:c8:42:27:80 -83
1,10,d8:c7:c8:42:27:82 -82
1,10,d8:c7:c8:3d:e5:c2 -75
1,10,d8:c7:c8:3d:e5:c1 -76
1,10,d8:c7:c8:3d:e7:c2 -76
1,10,34:36:3b:c3:0f:44 -85
1,10,10:fe:ed:50:0b:b8 -81
1,10,58:6d:8f:1f:6c:30 -89
1,10,94:b4:0f:a3:7b:80 -84
1,10,d8:c7:c8:3d:e8:02 -78
1,10,d8:c7:c8:3d:e7:c0 -77
1,10,d8:c7:c8:3d:e7:c1 -77
1,10,d8:c7:c8:3d:e7:e2 -84
1,10,d8:c7:c8:42:1f:81 -84
1,10,d8:c7:c8:3d:e5:c0 -75
1,10,00:18:f8:df:67:6b -88
1,10,d8:c7:c8:42:2d:20 -79
1,10,d8:c7:c8:3d:e5:40 -84
1,10,d8:c7:c8:3d:e5:41 -83
1,10,d8:c7:c8:98:d1:f1 -85
1,10,0 0
1,10,9c:1c:12:e2:73:80 -66
1,10,9c:1c:12:e2:73:83 -63
1,10,9c:1c:12:e2:73:82 -63
1,10,9c:1c:12:e2:74:a3 -62
1,10,9c:1c:12:e2:74:a1 -62
1,10,9c:1c:12:e2:74:a2 -62
1,10,7e:8d:4e:1f:fa:79 -78
1,10,9c:1c:12:bd:03:e3 -64
1,10,9c:1c:12:bd:03:e2 -66
1,10,9c:1c:12:e2:74:a0 -61
1,10,9c:1c:12:e2:73:81 -64
1,10,9c:1c:12:bd:03:e1 -65
1,10,9c:1c:12:bd:03:e0 -65
1,10,68:7f:74:4e:6a:f7 -64
1,10,10:fe:ed:40:a4:25 -81
1,10,10:0d:7f:74:c5:68 -75
1,10,b8:c7:5d:09:08:67 -76
1,10,d8:c7:c8:3d:e8:00 -77
1,10,00:1e:e5:83:01:8f -78
1,10,a4:2b:8c:53:b7:78 -85
1,10,02:27:17:4c:6e:8b -87
1,10,ba:c7:5d:09:08:68 -74
1,10,2c:b0:5d:a0:ca:84 -82
1,10,d8:c7:c8:3d:e8:01 -77
1,10,12:0d:7f:81:75:21 -87
1,10,d8:c7:c8:42:27:80 -83
1,10,d8:c7:c8:42:27:82 -82
1,10,d8:c7:c8:3d:e5:c2 -75
1,10,d8:c7:c8:3d:e5:c1 -76
1,10,d8:c7:c8:3d:e7:c2 -76
1,10,34:36:3b:c3:0f:44 -85
1,10,94:b4:0f:a3:7b:80 -84
1,10,d8:c7:c8:3d:e8:02 -78
1,10,d8:c7:c8:3d:e7:c0 -77
1,10,d8:c7:c8:3d:e7:c1 -77
1,10,d8:c7:c8:3d:e7:e2 -84
1,10,d8:c7:c8:42:1f:81 -84
1,10,d8:c7:c8:3d:e5:c0 -75
1,10,00:18:f8:df:67:6b -88
1,10,d8:c7:c8:42:2d:20 -79
1,10,d8:c7:c8:3d:e5:40 -84
1,10,d8:c7:c8:3d:e5:41 -83
1,10,d8:c7:c8:98:d1:f1 -85
1,10,a4:2b:8c:1c:3f:cf -78
1,10,0 0
1,10,9c:1c:12:e2:73:80 -66
1,10,9c:1c:12:e2:73:83 -63
1,10,9c:1c:12:e2:73:82 -64
1,10,9c:1c:12:e2:74:a3 -62
1,10,9c:1c:12:e2:74:a1 -62
1,10,9c:1c:12:e2:74:a2 -62
1,10,7e:8d:4e:1f:fa:79 -79
1,10,9c:1c:12:bd:03:e3 -64
1,10,9c:1c:12:bd:03:e2 -65
1,10,9c:1c:12:e2:74:a0 -62
1,10,9c:1c:12:e2:73:81 -64
1,10,9c:1c:12:bd:03:e1 -64
1,10,9c:1c:12:bd:03:e0 -65
1,10,68:7f:74:4e:6a:f7 -68
1,10,10:fe:ed:40:a4:25 -79
1,10,10:0d:7f:74:c5:68 -75
1,10,b8:c7:5d:09:08:67 -74
1,10,d8:c7:c8:3d:e8:00 -78
1,10,00:1e:e5:83:01:8f -78
1,10,a4:2b:8c:53:b7:78 -85
1,10,02:27:17:4c:6e:8b -86
1,10,ba:c7:5d:09:08:68 -74
1,10,2c:b0:5d:a0:ca:84 -82
1,10,d8:c7:c8:3d:e8:01 -77
1,10,12:0d:7f:81:75:21 -87
1,10,d8:c7:c8:42:27:80 -83
1,10,d8:c7:c8:42:27:82 -82
1,10,d8:c7:c8:3d:e5:c2 -75
1,10,d8:c7:c8:3d:e5:c1 -76
1,10,d8:c7:c8:3d:e7:c2 -76
1,10,34:36:3b:c3:0f:44 -85
1,10,94:b4:0f:a3:7b:80 -84
1,10,d8:c7:c8:3d:e8:02 -78
1,10,d8:c7:c8:3d:e7:c0 -77
1,10,d8:c7:c8:3d:e7:c1 -77
1,10,d8:c7:c8:3d:e7:e2 -84
1,10,d8:c7:c8:42:1f:81 -84
1,10,d8:c7:c8:3d:e5:c0 -75
1,10,00:18:f8:df:67:6b -88
1,10,d8:c7:c8:42:2d:20 -79
1,10,d8:c7:c8:3d:e5:40 -84
1,10,d8:c7:c8:3d:e5:41 -83
1,10,d8:c7:c8:98:d1:f1 -85
1,10,a4:2b:8c:1c:3f:cf -78
1,10,ac:f1:df:01:19:7d -87
1,10,0 0
1,10,9c:1c:12:e2:73:80 -66
1,10,9c:1c:12:e2:73:83 -63
1,10,9c:1c:12:e2:73:82 -64
1,10,9c:1c:12:e2:74:a3 -62
1,10,9c:1c:12:e2:74:a1 -62
1,10,9c:1c:12:e2:74:a2 -62
1,10,7e:8d:4e:1f:fa:79 -77
1,10,9c:1c:12:bd:03:e3 -63
1,10,9c:1c:12:bd:03:e2 -63
1,10,9c:1c:12:e2:74:a0 -62
1,10,9c:1c:12:e2:73:81 -64
1,10,9c:1c:12:bd:03:e1 -63
1,10,9c:1c:12:bd:03:e0 -63
1,10,68:7f:74:4e:6a:f7 -68
1,10,10:fe:ed:40:a4:25 -84
1,10,10:0d:7f:74:c5:68 -75
1,10,b8:c7:5d:09:08:67 -75
1,10,d8:c7:c8:3d:e8:00 -78
1,10,00:1e:e5:83:01:8f -78
1,10,a4:2b:8c:53:b7:78 -82
1,10,02:27:17:4c:6e:8b -79
1,10,ba:c7:5d:09:08:68 -73
1,10,2c:b0:5d:a0:ca:84 -80
1,10,d8:c7:c8:3d:e8:01 -77
1,10,12:0d:7f:81:75:21 -87
1,10,d8:c7:c8:42:27:80 -83
1,10,d8:c7:c8:42:27:82 -82
1,10,d8:c7:c8:3d:e5:c2 -75
1,10,d8:c7:c8:3d:e5:c1 -76
1,10,d8:c7:c8:3d:e7:c2 -76
1,10,34:36:3b:c3:0f:44 -85
1,10,d8:c7:c8:3d:e8:02 -78
1,10,d8:c7:c8:3d:e7:c0 -77
1,10,d8:c7:c8:3d:e7:c1 -77
1,10,d8:c7:c8:3d:e7:e2 -84
1,10,d8:c7:c8:42:1f:81 -84
1,10,d8:c7:c8:3d:e5:c0 -75
1,10,00:18:f8:df:67:6b -89
1,10,d8:c7:c8:42:2d:20 -79
1,10,d8:c7:c8:3d:e5:40 -84
1,10,d8:c7:c8:3d:e5:41 -83
1,10,d8:c7:c8:98:d1:f1 -85
1,10,a4:2b:8c:1c:3f:cf -78
1,10,ac:f1:df:01:19:7d -87
1,10,fc:15:b4:d2:b9:83 -87
1,10,0 0
1,10,9c:1c:12:e2:73:80 -66
1,10,9c:1c:12:e2:73:83 -63
1,10,9c:1c:12:e2:73:82 -64
1,10,9c:1c:12:e2:74:a3 -62
1,10,9c:1c:12:e2:74:a1 -62
1,10,9c:1c:12:e2:74:a2 -62
1,10,7e:8d:4e:1f:fa:79 -79
1,10,9c:1c:12:bd:03:e3 -63
1,10,9c:1c:12:bd:03:e2 -63
1,10,9c:1c:12:e2:74:a0 -63
1,10,9c:1c:12:e2:73:81 -64
1,10,9c:1c:12:bd:03:e1 -63
1,10,9c:1c:12:bd:03:e0 -63
1,10,68:7f:74:4e:6a:f7 -68
1,10,10:fe:ed:40:a4:25 -84
1,10,10:0d:7f:74:c5:68 -75
1,10,b8:c7:5d:09:08:67 -73
1,10,d8:c7:c8:3d:e8:00 -78
1,10,00:1e:e5:83:01:8f -80
1,10,a4:2b:8c:53:b7:78 -84
1,10,02:27:17:4c:6e:8b -84
1,10,ba:c7:5d:09:08:68 -73
1,10,2c:b0:5d:a0:ca:84 -80
1,10,d8:c7:c8:3d:e8:01 -77
1,10,12:0d:7f:81:75:21 -87
1,10,d8:c7:c8:42:27:80 -83
1,10,d8:c7:c8:42:27:82 -82
1,10,d8:c7:c8:3d:e5:c2 -77
1,10,d8:c7:c8:3d:e5:c1 -77
1,10,d8:c7:c8:3d:e7:c2 -78
1,10,34:36:3b:c3:0f:44 -85
1,10,d8:c7:c8:3d:e8:02 -78
1,10,d8:c7:c8:3d:e7:c0 -78
1,10,d8:c7:c8:3d:e7:c1 -78
1,10,d8:c7:c8:3d:e7:e2 -84
1,10,d8:c7:c8:42:1f:81 -84
1,10,d8:c7:c8:3d:e5:c0 -75
1,10,00:18:f8:df:67:6b -89
1,10,d8:c7:c8:42:2d:20 -79
1,10,d8:c7:c8:3d:e5:40 -84
1,10,d8:c7:c8:3d:e5:41 -83
1,10,d8:c7:c8:98:d1:f1 -85
1,10,a4:2b:8c:1c:3f:cf -78
1,10,ac:f1:df:01:19:7d -87
1,10,fc:15:b4:d2:b9:83 -87
1,10,d8:c7:c8:42:2d:22 -83
1,10,d8:c7:c8:42:2d:21 -83
1,10,0 0
1,10,9c:1c:12:e2:73:80 -66
1,10,9c:1c:12:e2:73:83 -64
1,10,9c:1c:12:e2:73:82 -64
1,10,9c:1c:12:e2:74:a3 -63
1,10,9c:1c:12:e2:74:a1 -63
1,10,9c:1c:12:e2:74:a2 -63
1,10,7e:8d:4e:1f:fa:79 -79
1,10,9c:1c:12:bd:03:e3 -63
1,10,9c:1c:12:bd:03:e2 -63
1,10,9c:1c:12:e2:74:a0 -63
1,10,9c:1c:12:e2:73:81 -64
1,10,9c:1c:12:bd:03:e1 -63
1,10,9c:1c:12:bd:03:e0 -63
1,10,68:7f:74:4e:6a:f7 -68
1,10,10:fe:ed:40:a4:25 -84
1,10,10:0d:7f:74:c5:68 -75
1,10,b8:c7:5d:09:08:67 -73
1,10,d8:c7:c8:3d:e8:00 -78
1,10,00:1e:e5:83:01:8f -79
1,10,a4:2b:8c:53:b7:78 -84
1,10,02:27:17:4c:6e:8b -84
1,10,ba:c7:5d:09:08:68 -73
1,10,2c:b0:5d:a0:ca:84 -80
1,10,d8:c7:c8:3d:e8:01 -77
1,10,12:0d:7f:81:75:21 -87
1,10,d8:c7:c8:42:27:80 -83
1,10,d8:c7:c8:42:27:82 -82
1,10,d8:c7:c8:3d:e5:c2 -77
1,10,d8:c7:c8:3d:e5:c1 -77
1,10,d8:c7:c8:3d:e7:c2 -78
1,10,34:36:3b:c3:0f:44 -83
1,10,d8:c7:c8:3d:e8:02 -78
1,10,d8:c7:c8:3d:e7:c0 -78
1,10,d8:c7:c8:3d:e7:c1 -78
1,10,d8:c7:c8:3d:e7:e2 -84
1,10,d8:c7:c8:42:1f:81 -84
1,10,d8:c7:c8:3d:e5:c0 -75
1,10,00:18:f8:df:67:6b -89
1,10,d8:c7:c8:42:2d:20 -79
1,10,d8:c7:c8:3d:e5:40 -84
1,10,d8:c7:c8:3d:e5:41 -83
1,10,d8:c7:c8:98:d1:f1 -85
1,10,a4:2b:8c:1c:3f:cf -78
1,10,ac:f1:df:01:19:7d -86
1,10,fc:15:b4:d2:b9:83 -87
1,10,d8:c7:c8:42:2d:22 -83
1,10,d8:c7:c8:42:2d:21 -83
1,10,3c:46:d8:44:32:87 -80
1,10,d8:c7:c8:98:d1:f0 -86
1,10,c0:c1:c0:d5:19:ab -87
1,10,00:24:6c:06:52:41 -88
1,10,0 0
1,10,9c:1c:12:e2:73:80 -66
1,10,9c:1c:12:e2:73:83 -64
1,10,9c:1c:12:e2:73:82 -64
1,10,9c:1c:12:e2:74:a3 -64
1,10,9c:1c:12:e2:74:a1 -64
1,10,9c:1c:12:e2:74:a2 -64
1,10,7e:8d:4e:1f:fa:79 -79
1,10,9c:1c:12:bd:03:e3 -62
1,10,9c:1c:12:bd:03:e2 -63
1,10,9c:1c:12:e2:74:a0 -64
1,10,9c:1c:12:e2:73:81 -64
1,10,9c: