1,6,9c:1c:12:e2:73:80 -61
1,6,9c:1c:12:e2:73:83 -59
1,6,9c:1c:12:e2:73:82 -59
1,6,9c:1c:12:e2:74:a3 -62
1,6,9c:1c:12:e2:74:a1 -62
1,6,9c:1c:12:e2:74:a2 -62
1,6,7e:8d:4e:1f:fa:79 -68
1,6,9c:1c:12:bd:03:e3 -64
1,6,9c:1c:12:bd:03:e2 -64
1,6,9c:1c:12:e2:74:a0 -62
1,6,9c:1c:12:e2:73:81 -59
1,6,9c:1c:12:bd:03:e1 -64
1,6,9c:1c:12:bd:03:e0 -64
1,6,80:ea:96:ed:47:2c -82
1,6,ac:a3:1e:86:b2:a2 -74
1,6,ac:a3:1e:86:be:c0 -67
1,6,ac:a3:1e:86:be:c2 -66
1,6,ac:a3:1e:86:be:c1 -66
1,6,d8:c7:c8:3d:e5:c1 -73
1,6,d0:03:4b:cc:52:f9 -82
1,6,94:b4:0f:a3:7c:20 -84
1,6,ac:f1:df:01:19:7d -81
1,6,d8:c7:c8:3d:e5:c2 -74
1,6,70:56:81:cb:cf:bf -81
1,6,d8:c7:c8:3d:e5:c0 -70
1,6,c8:d3:a3:5b:cc:0c -81
1,6,20:c9:d0:28:47:f5 -73
1,6,10:0d:7f:74:c5:68 -83
1,6,00:21:29:96:44:b9 -82
1,6,d8:c7:c8:42:39:42 -84
1,6,70:73:cb:bb:cc:2f -89
1,6,00:24:6c:06:51:f1 -81
1,6,34:36:3b:c3:0f:44 -83
1,6,34:12:98:07:f0:8c -82
1,6,ac:a3:1e:86:b2:a1 -75
1,6,ac:a3:1e:86:b2:a0 -75
1,6,94:b4:0f:a3:79:a1 -87
1,6,c8:3a:35:55:43:28 -84
1,6,d8:c7:c8:3d:e8:00 -87
1,6,00:18:f8:df:67:6b -86
1,6,d8:c7:c8:3d:e8:01 -87
1,6,9c:1c:12:e2:73:80 -58
1,6,9c:1c:12:e2:73:83 -59
1,6,9c:1c:12:e2:73:82 -59
1,6,9c:1c:12:e2:74:a3 -66
1,6,9c:1c:12:e2:74:a1 -66
1,6,9c:1c:12:e2:74:a2 -66
1,6,7e:8d:4e:1f:fa:79 -68
1,6,9c:1c:12:bd:03:e3 -68
1,6,9c:1c:12:bd:03:e2 -68
1,6,9c:1c:12:e2:74:a0 -66
1,6,9c:1c:12:e2:73:81 -59
1,6,9c:1c:12:bd:03:e1 -67
1,6,9c:1c:12:bd:03:e0 -67
1,6,80:ea:96:ed:47:2c -82
1,6,ac:a3:1e:86:b2:a2 -74
1,6,ac:a3:1e:86:be:c0 -67
1,6,ac:a3:1e:86:be:c2 -66
1,6,ac:a3:1e:86:be:c1 -66
1,6,d8:c7:c8:3d:e5:c1 -72
1,6,ac:f1:df:01:19:7d -83
1,6,d8:c7:c8:3d:e5:c2 -72
1,6,70:56:81:cb:cf:bf -86
1,6,d8:c7:c8:3d:e5:c0 -71
1,6,10:0d:7f:74:c5:68 -79
1,6,34:36:3b:c3:0f:44 -84
1,6,34:12:98:07:f0:8c -82
1,6,ac:a3:1e:86:b2:a1 -75
1,6,ac:a3:1e:86:b2:a0 -75
1,6,94:b4:0f:a3:79:a1 -87
1,6,c8:3a:35:55:43:28 -84
1,6,d8:c7:c8:3d:e8:00 -87
1,6,00:18:f8:df:67:6b -86
1,6,d8:c7:c8:3d:e8:01 -87
1,6,00:18:f8:c1:65:77 -88
1,6,00:24:36:a4:eb:1b -75
